84356
1672
17227
82046
92231
49123
79391
17307
2839
51962
66173
8195
18583
27265
21244
75429
83420
64726
72710
99801
87369
67105
83496
94490
55883
41806
62672
47529
4087
95907
22633
88442
97578
56211
86839
89808
5333
66229
23466
24523
18191
89638
32717
53125
33255
70312
44905
16674
35038
17614
32826
38758
1071
16322
49599
56953
58127
12270
20833
62214
8176
43465
67007
22106
99676
53846
28265
5008
36426
51731
29531
70968
57720
78599
24093
7326
48911
85349
24000
300
2963
56825
39057
4033
89498
88655
77337
47625
17276
98169
26190
41803
41633
93196
63908
41308
63393
92173
62668
99819
43903
8550
70786
17974
87148
11230
25300
36058
96579
65651
36357
15893
38827
91765
19925
28325
96771
13613
75949
14046
11781
18490
55849
69765
11685
36108
11073
91430
28280
90092
91248
88534
98641
78385
6508
85788
89615
48159
38198
2545
13809
90906
18437
52635
82671
54713
97311
79441
84677
89611
9839
96457
8100
65687
66221
36137
18146
93645
27566
46426
83736
35165
51311
98728
13549
74170
868
19515
22328
39065
38411
52488
46322
73199
5123
28992
44263
2433
24785
28939
92044
34623
25395
16495
16661
7968
52631
34806
1612
96548
97583
1700
31712
48894
16779
61613
39415
17646
81127
61743
73062
35890
14230
19384
9088
35704
64727
53351
54489
89511
82289
62884
40485
24036
79378
57145
32003
48361
91951
49966
44908
89533
68017
76620
54778
84796
38232
94193
18793
35710
72287
8207
71599
2868
43942
80687
38572
8668
50389
93060
14531
49029
72295
55015
73064
51672
12160
21418
32
20462
71384
61292
26346
55752
37911
81124
40547
92494
91668
75692
44555
63954
83898
16154
66821
27839
13192
21744
52858
63580
14803
67388
28960
87097
38755
2024
55121
67266
23441
71504
87727
11176
32795
14072
66928
70705
11547
23826
79550
3214
99517
24105
83519
83414
40258
50340
27604
69801
72083
80462
49732
3238
64201
78691
6686
2955
80714
61806
70220
20507
33310
74298
48034
66104
88370
14961
53161
16268
55139
32710
35834
54655
73166
19352
54421
29775
86043
82024
99575
58126
62485
65658
77715
26686
44349
752
45992
41414
62558
16212
78272
12219
90509
26306
94674
95230
57618
64186
11498
12756
96896
63683
67411
86413
83034
21831
16188
69077
20206
32114
43554
82691
97772
37620
25728
42120
38371
71719
83533
17280
4282
78157
29498
11143
4462
40524
6372
62079
4709
34221
91187
17956
97903
74949
4369
97289
13131
20556
66365
33336
52669
26270
32378
66792
63889
58105
8911
2259
46176
8796
19539
50457
86952
65388
61599
7765
5911
84323
69843
10620
34895
77381
28575
49150
52329
32943
46438
65459
69850
12802
15147
38871
39071
47524
5662
19311
21981
30925
21569
68156
39720
41107
18612
43023
22847
96563
50787
28757
97237
36981
39376
32131
14362
84303
81280
83042
17245
44069
64853
3447
73222
96351
42317
12292
43874
47978
47954
65854
95254
69523
34009
34973
26981
68973
94347
49827
81887
61485
78584
79123
98466
34311
27605
29179
18613
25237
28572
52210
69305
93424
55656
42527
89774
97972
71170
50000
62301
19124
15853
57555
4998
66214
8879
48330
51538
19578
98157
49776
81062
93092
45250
79527
43754
72854
25057
62367
14442
53629
14576
99
63404
86583
58977
69530
906
46498
19529
63206
65621
51733
37112
86970
34298
62343
35300
2187
81920
49808
51962
62981
42899
97211
58860
86652
86417
268
65370
17210
53896
96297
17308
33652
82879
92636
3181
136
39134
39061
63342
21106
7145
16805
8076
41443
95499
59727
59981
77418
9534
11943
56751
52432
25505
31962
55435
28273
32229
20805
61835
2477
33453
95494
36128
16332
88130
55660
32819
27263
94720
96160
48368
1864
29317
72795
59658
24815
32521
19639
18585
42054
31581
91687
10837
73437
23648
82624
18062
72228
3428
79896
74704
53232
75389
27183
85915
63518
82842
18734
7132
77561
31245
71852
95777
60561
44646
55434
1728
77167
75072
36664
35572
23004
44702
62761
96441
84701
45384
14502
56928
48811
10749
47984
18394
86137
75166
4309
66007
58008
23042
73138
51920
54286
44989
47696
31199
5987
3130
32926
99505
94553
85941
35076
17557
30642
97836
30349
15342
59571
61202
88621
24733
71950
36604
43127
74438
28122
47435
40444
2481
70476
29934
54400
24761
91274
18448
72311
97260
37929
21588
96764
32481
7528
48192
66389
54521
62379
96737
86214
21950
57938
91187
46682
46239
27790
89808
20677
72263
37242
77472
74743
24069
7405
45495
65182
98679
63942
37492
12290
18222
59080
25406
67054
82959
73597
33443
53832
52327
46531
40045
74276
20821
31231
37310
67059
75373
27117
4087
63987
80711
81559
38730
21131
88963
576
2664
3993
64517
40156
16283
99090
15587
58040
66143
14897
31636
15937
68728
83962
62468
25125
74590
99640
72707
11899
83050
48079
55367
87137
12066
52429
68695
67147
89912
57657
67722
92575
78002
48590
49082
10636
47679
64668
68675
30173
95917
16662
62462
64644
16975
41281
6120
91564
40920
78827
19814
23969
26905
91533
11105
55322
60313
79799
22468
66576
53808
6541
59151
48161
55130
8232
58796
19160
89252
43822
65685
1520
60483
28146
66163
77457
69426
88635
85373
10345
67461
21538
50665
94365
29422
61770
66039
6087
57920
4858
72662
28079
11399
31812
76239
82880
56396
51386
18392
45647
95207
84076
63518
72041
12221
29680
49498
97998
18314
51222
8342
2126
89111
59006
96491
18533
37127
78881
24619
11399
83738
97280
39477
11488
45444
32068
10720
1839
83453
29111
63837
95012
29538
27354
67052
58110
73385
32901
56107
8051
474
80800
10176
89585
56157
23018
8117
93284
1898
49087
4682
1988
62718
60510
29827
8161
92577
56898
9999
92382
2360
73835
3745
31897
17540
70796
90006
90925
20049
62464
98975
20522
43263
25502
26458
99420
48520
50926
92703
50417
12
13736
68756
62730
90597
14935
70890
83174
71832
97241
91907
74192
87427
95651
22440
4967
82798
12446
95891
2846
74909
11217
39720
34524
36718
66177
33943
85237
17103
42997
52006
33466
56732
37113
96195
47328
52047
83437
46853
40231
97029
38759
14422
84455
50761
36861
89421
33559
65658
1663
52756
56919
29231
92475
91442
65949
58652
25384
67537
92106
84732
35894
25571
41463
89359
38118
5142
57757
37906
68347
97987
34934
23457
12408
19388
74218
65621
25161
24128
47630
26823
76883
4548
56054
69358
12341
38354
44361
54076
22242
52818
38807
74488
78388
96621
63846
32857
18115
21602
70762
86461
19589
22047
26269
48348
41435
486
30320
82947
40965
77950
9769
17848
82497
82174
87205
11190
20527
47917
65265
59121
734
4072
33608
95473
692
97453
28330
18806
35406
15443
21618
54994
37490
47887
19694
95276
64724
66365
78222
5689
44314
4342
23536
43163
86516
27092
54352
23394
75008
19616
82514
75741
40039
16121
71213
40731
29925
15894
75888
65331
31337
13858
36676
85178
61744
72721
96805
42819
39086
75026
48507
83399
95719
88394
42913
82234
15485
97264
21980
6844
33232
20845
82584
73270
36966
70149
14000
83242
86042
6240
64924
33730
20097
1600
18907
98192
74320
15711
41010
29757
7088
5869
13156
2807
94262
56068
1392
26099
69684
23371
32942
2915
44216
31878
76184
97533
2026
6536
97126
4419
12775
62050
38149
49223
63649
73407
47414
54320
5470
4775
84077
12557
10643
13584
31715
21257
86003
33107
47355
55686
72829
96648
74952
33396
28525
51136
30928
30550
57671
44406
51321
86797
6455
89469
52371
70103
79227
16136
40774
84696
20910
24850
13605
47905
54785
45319
69161
40788
94777
32867
12825
83958
29514
87777
17353
58039
38912
64633
4940
12934
9038
56260
16082
15492
62080
68452
1946
41307
84587
42719
42354
21848
83921
55958
69752
38705
17629
55264
79492
12405
4482
8669
12714
33996
96445
46419
8386
51708
27403
29677
80993
52792
2289
13426
68283
64368
81877
86580
22026
82815
29298
64380
21014
29570
36689
7118
68275
54317
62381
64118
83074
66863
72786
95787
17210
85582
42205
41947
37289
69607
71623
34633
22398
90263
48058
7032
70983
29934
9963
93008
29100
55613
73739
50114
85182
10428
57231
53456
64744
35963
33926
47817
19177
6711
59956
52738
92293
18512
94684
45933
88119
66307
80566
26868
72921
28623
50252
43903
74909
76566
36911
20360
32178
27001
86825
17360
37428
60407
87167
18524
96370
21092
82692
31898
44155
42647
84636
52799
61159
79319
98731
65629
61977
95648
8848
34898
40623
75451
78800
15531
52017
32062
52242
84194
59063
39067
17905
12842
99473
21424
31365
12194
58867
30409
44092
3021
73055
28727
72171
34213
24397
87254
16193
86374
82901
25041
37623
39875
491
32774
55405
52507
64836
23999
53053
40250
63065
87309
53091
62537
8732
808
74731
67599
47568
35174
86971
20622
63900
59142
71187
4648
62747
87379
91021
45647
28771
44995
1874
29262
77769
57278
98120
58956
97628
67524
99205
60692
54833
68647
39581
79916
85806
30663
47514
33373
65836
50837
70347
46087
9978
41533
50734
89076
45263
58107
34722
74034
3101
36595
19647
97221
10225
34118
56176
24204
1642
71732
84896
72826
56731
24476
52741
58888
55138
16607
8613
37325
67443
78959
83411
93772
36843
34144
82847
98457
92250
33920
88842
11703
86867
8488
25275
13443
58958
81451
37646
60599
69534
22541
49776
42616
63368
2516
1504
34857
19122
26468
72181
86564
5426
71943
80335
58620
6087
63181
57076
14688
97101
62270
42742
319
70757
68017
13761
29714
65819
51406
6664
35352
73947
56439
94320
53666
75307
95823
88523
94428
38642
77055
97344
44067
48998
94030
19038
71436
57211
92465
2475
70663
54734
45217
70981
41843
13233
1093
87908
79051
52498
94572
30754
42796
67362
25073
96462
42668
37247
1336
53448
75888
78390
50791
36306
43739
44820
71695
15174
18382
64160
17649
5396
35245
79217
92728
77087
92449
93820
64995
87851
46318
75918
18604
89113
43279
60029
1926
2299
97275
3261
55746
89515
98003
6536
42172
41741
67707
13867
73267
2441
94378
7267
24188
29622
86483
16916
6709
95283
27087
88055
83133
89756
63972
1736
95221
7250
61764
97146
9548
75391
407
65293
81257
98409
88180
23428
56501
72239
37294
29767
91031
31671
53385
15218
77645
56219
48485
84353
51501
75572
88759
34633
65327
52730
52721
60547
59979
30836
74045
85879
22578
90803
67523
3834
89211
72055
27262
62063
60645
80907
8182
51675
28930
61566
66892
6574
17785
15377
7278
85637
7300
96036
20270
88978
48765
89342
49525
25095
20177
39921
27325
42755
30723
11200
62940
36285
83254
6553
98347
43898
87460
6528
11924
32741
84446
78815
55666
18582
10543
62943
4218
17842
75330
40839
6820
40446
30180
72696
65540
66709
28968
9217
25815
59690
20416
88754
95974
20021
95307
10672
80270
99118
17200
92193
31858
17997
87359
87523
52930
14254
66817
57147
48447
42146
14338
71618
82591
60869
44313
64482
27577
73280
90050
53391
49321
10465
58497
45294
46837
70155
72318
27106
69272
5869
35650
17481
23865
23009
21355
76794
53614
88171
50292
2060
46668
80981
73678
29258
41850
34342
10091
85778
23974
141
39169
73294
26957
14017
34940
73794
84171
7257
899
53442
13125
36549
70922
53341
75909
8628
30134
29522
96798
96777
31581
43465
77758
21610
89074
35959
55952
99164
21736
79925
15656
77256
53218
58965
91272
4509
32758
75442
11765
50008
45235
24889
2908
32508
78229
78816
41135
24714
24689
37932
37843
72622
97748
31952
94231
86821
67910
66534
2337
89645
46458
34344
66901
16028
93308
74524
20536
42417
66318
32301
92425
11552
73541
95332
60412
68122
90500
1546
9187
15188
55830
47029
4161
53577
78980
14744
56750
46889
81277
75438
52886
27735
26133
36138
43762
19441
27013
80649
61857
93330
12949
70633
4882
2842
65965
65293
70963
72816
83190
80149
4355
39019
43530
8516
8948
22509
23259
82049
85750
4535
73838
54987
48621
99970
7476
8734
35762
34488
89383
97619
27818
18683
84603
49051
21524
50567
30695
8838
23382
13884
5339
27737
69255
48868
52604
94554
87728
75862
76602
73477
96748
66791
44815
61721
66760
52290
70454
2522
3130
59836
16492
30947
78519
1094
96349
42
68013
43395
8880
7746
73630
30570
35482
42884
79437
4437
53789
67164
96650
46742
56993
93398
13532
1807
55118
80292
70449
41923
99165
73578
1759
15656
20876
80277
33101
17224
96670
1113
60618
21901
8859
34247
52470
60692
93483
31906
65129
47271
15422
61778
94013
72414
71527
7544
90572
42996
4187
61020
84919
3351
34597
86677
35358
71824
83305
84811
89047
79974
2275
66016
18227
27485
16615
70696
88177
10097
18954
69657
73719
34375
47786
84083
6788
35665
7979
97359
78660
12165
74731
79930
31868
9327
66606
83577
97503
66262
84739
86549
62588
87014
68917
80814
14498
85531
67861
19026
11979
86814
88682
85697
37540
52820
69780
44327
88484
94110
58038
67143
22626
32768
47073
54493
58446
30030
54422
55948
12644
39160
58849
75231
42525
27765
72396
57023
29647
40256
76048
41625
43422
81082
43673
80961
33901
29804
41640
22384
23913
16029
5878
46539
65148
69302
17383
39945
15684
88156
95893
28327
27316
71093
19909
86192
15209
8656
43214
44855
65263
35614
2831
8684
33047
62855
5997
83299
92659
47636
22034
16571
80016
44263
79461
45163
13565
13196
85107
45600
1351
97351
90278
45018
68443
10186
31210
3
18841
90775
61209
84103
42740
64039
9139
75786
43246
15135
75436
35904
79122
97469
68826
59137
41732
64639
4299
71648
77834
5757
17247
79184
3108
7524
24202
87902
34061
55411
87905
69253
62537
49113
69707
5277
29504
95197
97414
72749
26683
72850
25004
5804
70318
93829
81292
28401
58467
1942
16400
36300
7699
33646
31836
10806
57521
56037
98707
7933
27799
2963
93537
90335
68428
63244
95611
14283
74792
93025
87031
1475
82226
28386
7278
52543
38566
4922
97296
97033
6863
13695
49684
30913
63693
97871
41718
21213
53907
56777
45498
81705
59739
39034
88392
44518
18629
84002
58800
93421
93378
62182
94895
75603
90567
18524
44498
29133
39797
41793
42517
46660
71839
8552
77572
35531
6423
35642
73096
60329
8770
18593
58386
84860
73978
46777
29378
92607
47130
88177
2379
40508
50359
13625
32462
57277
32148
76959
86409
71945
35103
45277
34956
6942
53829
28879
58824
60251
64520
31919
36931
73289
66863
11668
74501
40841
74796
3878
49799
21926
92054
52177
78785
58764
82153
27598
16041
14300
4557
2449
2596
56011
47726
53903
79304
17906
82782
38128
94508
63653
86398
47790
53294
53261
59458
27794
10453
50605
31671
76603
88882
40076
45131
67666
98840
27283
95264
14880
41582
16172
33680
60530
88534
97757
30784
67838
15662
13565
5965
26521
93570
8714
74311
46863
61974
50120
91008
88778
724
39030
65380
89606
79105
10510
73623
94296
37792
85238
9175
95726
1409
59207
72607
6295
56963
3390
74132
88977
33307
96448
31849
26876
5161
6159
90090
83487
56278
97449
72264
73354
36478
53996
62959
31934
80857
36581
26230
35001
21819
51756
47078
39579
27314
19684
45873
629
39425
36356
5957
72731
49155
37805
15958
54316
43964
22399
54154
16593
19847
42769
89946
72676
96764
52904
4610
93973
5837
47191
28973
44007
15298
76050
83585
58964
12085
45810
59592
51509
98517
65548
40592
47672
3352
56549
18339
63667
78948
72492
80260
15146
31612
70205
87822
44728
39461
8783
38700
61649
72325
67672
5655
3974
60073
5591
62937
72157
67752
22528
23665
66269
4427
64256
30292
7779
37157
48630
71445
16104
21121
68056
47601
69084
54613
51774
13811
10425
60556
52510
72073
49232
36533
94079
53206
96605
99669
32494
68761
83773
55022
8778
50041
75800
89385
80332
83578
26541
45313
71375
58996
82785
55782
6597
51868
10394
58370
65679
20818
35278
18188
9242
861
54721
3320
70418
51325
19341
2912
36438
3113
74285
45215
53153
50084
34599
49836
50014
77492
11500
21388
36487
94284
77169
59435
46151
3915
17805
11829
24732
69434
46369
50326
86646
1089
53645
57064
68765
72985
59975
5202
76097
50611
66768
45601
17046
1367
11788
67059
95210
23287
4798
31696
17570
98319
91131
80073
2233
25287
91901
43316
11072
38269
93641
97717
55709
47286
54780
24474
36622
31106
46027
12719
98068
12795
74671
15114
30513
86459
82172
25722
26097
86970
57417
60019
1640
64899
40091
3872
6537
48343
47187
17608
86612
57180
15325
58672
4465
86456
83145
57438
17562
29172
86508
31981
58318
61179
47094
88830
63989
29266
14551
6437
32587
88319
66455
34226
69570
6545
54449
76106
54888
17987
93714
57851
75166
25390
16522
95982
11845
16019
53420
45758
45190
39927
77739
3507
17457
41184
8688
81445
86801
39590
87882
19387
27908
70688
69964
13829
77233
40764
89935
48472
58751
100000
22674
33916
41741
39195
46250
53585
55213
99669
15695
16754
55947
9785
36612
73404
50968
45299
54848
54121
1240
59081
73507
29148
29769
59823
59328
23353
586
49262
88176
75688
65613
10849
25956
7353
50043
72205
77290
21608
71873
92984
54713
27819
19120
7677
1222
86439
69327
72422
40559
70567
47854
30418
99714
93974
6592
59041
17326
23529
24655
5501
99217
90267
32701
25172
13972
82744
97376
91261
20703
85600
84244
75415
29770
19715
99443
30992
6153
68770
19765
63064
39336
83970
93481
55401
77944
72
30793
11621
23600
55447
33474
39168
62066
66174
64339
76037
65269
78066
67297
85971
63665
67892
77738
93435
3958
77180
40778
10110
45949
76894
89525
85284
60863
83005
57036
55158
99428
87829
66779
23028
59627
16604
62195
21692
82777
42886
14080
48046
20951
97728
34016
968
81971
28105
10754
85928
5285
67883
12390
67585
61128
1914
69221
38342
84919
26256
93500
84346
30436
76630
23725
90063
93233
2272
28106
76009
45157
42186
40406
82459
56265
90774
99778
38236
18878
26883
24163
40514
94765
52904
8099
72244
54818
93671
10586
56088
19926
20437
56785
50362
13418
96862
56776
6650
99133
84881
99010
60641
27066
39416
59451
83331
46541
75581
37918
65418
2463
62080
5932
13580
31336
14030
85823
86153
7700
12760
58592
43977
33196
15376
10690
46613
28589
67465
69614
27721
52346
84976
4713
95763
40743
64164
95445
87283
56096
33362
52700
58558
11794
58631
88489
43129
89012
90664
29281
13063
3423
4224
73392
52971
35951
84081
15935
64540
67898
85549
92260
20243
86876
13325
16005
27618
93840
11450
14900
49935
61163
83951
24844
72956
58934
13333
16084
64297
3996
61716
93712
7418
65939
67103
76740
1890
67535
92675
66429
35432
94575
75040
55674
81450
4716
88031
9067
98555
15832
40318
48489
76994
40620
73333
49950
99553
3017
82385
80202
7012
44101
73913
30781
26391
41015
7521
28280
8549
16547
11060
43981
11121
2452
16006
92570
7167
4036
17988
5722
36219
58305
70562
13213
15276
60246
79514
14829
63262
61898
95030
86625
22350
68942
17406
48741
26308
41278
93372
51208
57824
4432
95188
85296
23235
27546
94217
30401
47933
12204
36122
84152
86860
6684
97364
2135
66929
93229
33315
46543
71478
44696
33167
93828
29989
50572
58920
56296
8201
52291
7504
82376
73074
19043
67671
96308
46588
61887
43061
94521
90442
79182
95024
77301
2217
92387
95788
85498
1967
29102
32040
73444
90150
81558
67271
20138
32130
42542
76434
56682
94833
289
55410
84258
35683
23080
96918
98623
1319
39978
9495
8112
35511
4518
1765
54080
13256
97552
55929
15222
43005
4320
88665
33154
85877
72288
53292
34358
14829
46077
91040
26013
46365
46449
26623
98399
85880
23540
97021
3550
79869
6515
28014
31731
27384
29778
2162
40639
27329
58090
55860
86685
62409
60877
19839
64638
33164
89482
98995
47992
35558
6386
74005
98274
69186
627
96672
55066
40518
10045
74967
36738
16559
2980
84820
43943
32757
86982
933
76437
61423
56793
63122
40184
34021
99312
4821
67184
88793
3815
15175
24350
26553
5531
38975
95738
22509
35646
67155
63026
62042
42122
16115
94953
61453
935
55247
10562
87916
56179
3350
65690
29323
66471
5873
63343
82134
10693
30526
70926
30860
62053
11627
57412
83935
50601
53149
6444
2599
36656
85821
64640
78777
1936
59592
56581
19222
14838
67142
23489
87369
70492
89178
16691
53314
95051
80034
35448
5743
26911
22725
52954
88963
34352
10365
72898
1304
79866
95693
3902
16521
81513
84894
11649
99800
60837
84581
19021
75675
51723
42509
63043
38566
48039
96085
8231
43089
76118
60030
65183
3029
99107
18137
8343
33458
44853
97592
51113
41070
93284
71367
57590
91149
56260
85590
90948
17096
70171
26321
9122
38245
85181
88516
93162
33219
953
17744
76307
77070
77774
57842
96450
76880
75978
21145
26689
37182
18736
77801
78252
12020
65519
52193
3168
21778
37783
10467
55226
24305
36787
80699
78901
21968
85567
88414
71538
86519
6157
47845
79940
282
5686
92742
93513
98015
13886
36553
35196
32621
30706
13447
60992
96224
81992
64159
34354
36126
90978
89579
60430
44116
86629
55682
82435
88547
60447
53973
75065
66603
18169
55005
83237
40206
47746
93101
38220
77983
29654
89767
10603
76711
19566
71595
72934
1557
52105
7287
37682
59434
13217
14463
3550
16198
86496
85984
4744
46942
39956
79809
29896
58124
51165
13132
14681
15262
22585
52900
93244
52238
59019
20198
28948
78584
8144
18233
80140
76601
41872
34173
36034
55088
48635
39583
71285
35130
25567
92381
98423
81874
88541
28318
56350
39705
57802
71030
71318
80386
40282
80913
48975
99300
17462
94274
94235
25606
12506
90726
2206
54377
24898
54591
25817
89884
94174
13453
41365
36092
5833
39787
17965
94373
68104
90666
50429
25905
61696
38098
22642
1977
35362
71616
17628
52824
65889
11862
78429
94747
2587
96986
49123
27484
51576
74939
33719
62101
4744
75083
98192
10576
14869
32509
21301
99324
23174
88081
25229
1221
26179
47870
19549
61540
19486
37176
30715
1726
49037
25495
96472
67975
22480
61947
11810
90408
36885
45528
52508
57980
20610
67052
84908
35478
15912
6208
34802
39085
10640
76382
56658
36818
40603
76206
14710
76440
13382
45424
78166
78770
70919
90989
46745
9750
52935
58554
16509
6172
20434
85369
64151
41043
52420
49058
92873
68331
71617
44026
23767
82257
36759
96776
35426
77361
72982
50135
53801
2715
11911
48318
97836
82829
39306
60932
8930
92241
35838
25439
98412
56271
10807
62562
97313
79578
27972
6537
64260
99588
50562
4378
81844
87320
1154
17270
64681
74135
83756
34833
93201
95666
83150
91036
94846
38807
51968
3776
31047
87805
29214
29458
44075
56372
8372
57739
35949
36343
64276
208
52282
14837
4585
50478
18509
5738
67747
99541
96224
67854
34373
5776
63520
33874
96812
74717
72680
65131
78492
20079
69287
24057
49536
13361
80428
74259
87451
32728
26953
51726
49287
79235
82915
53872
29712
17775
75961
13810
17315
88537
81663
68039
94312
61534
1912
7475
36251
90943
72605
31094
11021
58243
55151
76909
71603
51930
51167
75406
1010
78120
43483
50296
73706
26397
20519
3417
44171
96480
17226
77837
1368
15240
45875
95679
76774
47786
19506
29376
38729
8462
60469
49749
66705
31971
26657
54659
253
94176
30064
1262
72295
73547
51557
62352
16295
72076
65768
60466
84907
99345
54654
86274
14584
529
98304
7709
48314
17809
53436
3394
42623
13905
69495
9327
62227
12503
63985
62479
6678
94049
80092
95324
83947
31649
57675
241
20076
39794
77058
21334
39138
31712
23959
70074
32240
22262
94134
96905
56423
47570
16651
99045
77826
86145
24723
40052
14999
88707
18883
21677
99107
98974
33352
83053
46974
7379
99646
83401
47172
76703
21086
2662
24766
45044
89087
57005
67306
83220
70262
40080
47141
86912
55476
41318
89408
80198
97722
4406
68904
16604
42434
84363
31929
92138
83767
95255
99516
83412
95007
63039
76467
16093
82052
1232
61136
71138
74589
28441
70710
61202
84872
34202
48113
40347
75520
53872
20544
73241
58277
5800
89844
17063
90162
38124
9200
73928
33378
25067
57340
28385
88105
50158
44477
86509
51389
5612
73998
42329
50405
61059
3530
35276
95261
67994
91975
70780
21865
12518
44020
96494
18317
50215
13556
24830
4690
22755
98758
54420
64173
72449
99156
68629
22606
59984
55137
90346
81947
29135
49027
32351
90193
52556
83979
1805
20550
92305
72584
58766
4822
32955
55259
39491
99521
85166
64320
20563
24272
63077
74982
88444
51877
74137
57073
74482
34120
12209
81180
16066
57695
30206
64769
64240
99113
65099
66044
36014
57403
54980
94780
62224
87934
66390
18066
3807
51556
82386
24369
92179
61814
99350
80623
13691
89838
37695
4524
40309
66255
85703
56374
40302
32260
37494
4541
47725
2592
70584
83738
76346
41915
94869
54922
29849
61259
72987
50007
29166
55372
74375
21344
17186
90076
18318
47228
96265
72364
51751
36573
54971
53806
9298
95272
2417
46792
16164
50141
65735
3099
33879
42081
45014
28747
13354
74862
6357
86340
24868
51874
58064
15594
89570
91601
22021
7887
38828
18285
80251
6930
54857
51573
77087
80506
46844
79504
27297
63007
29644
9384
66105
79874
67816
11118
24973
81169
2331
31329
83860
43550
99555
58275
75495
89124
49875
97515
13362
5054
32151
9964
28336
87007
61536
5422
83865
8379
84925
27513
87737
30921
36896
70194
10794
21063
81311
52118
18583
99994
83447
2443
59895
99353
60717
35390
88476
26944
32904
1837
48349
65055
28153
93036
68413
89688
98458
52277
14419
99734
79790
2155
30654
33037
72348
57800
70452
70011
9917
89034
70004
9715
91476
29898
25419
68545
81639
30246
11840
14543
48435
76540
95949
76587
69576
80713
66274
68033
49342
80692
84118
29131
82847
31124
78519
71546
5275
48970
41556
15191
38004
27911
41258
45831
74161
83028
30727
55799
13274
58918
86693
61708
35458
98993
38294
5033
79706
4567
89417
29047
85259
89886
74529
84457
21009
69399
72354
26283
18369
13910
57826
72724
58172
15435
34906
48684
98462
81985
20835
11735
40902
7527
73442
92711
6520
11735
14095
2577
32654
19863
31623
34264
9749
6151
18720
30757
75549
7425
73392
10269
21334
47569
99344
95858
63003
50602
44541
61464
32586
65375
89551
89839
89254
79344
82550
12125
91079
12996
14701
40084
32859
46323
74347
42607
68825
9418
89715
60725
16842
79458
70994
54528
27026
86689
50385
90028
37290
11277
67844
86227
93004
73746
76066
82257
53089
74967
94381
60519
87962
25433
602
20820
71755
74948
79778
56931
717
85845
17655
17559
65302
5000
88438
8680
91689
38822
98707
45330
66450
82902
31557
59453
56647
7622
58061
9736
82588
68793
70254
70549
94225
87208
7721
82331
78507
3850
39261
79224
89694
73268
13134
71348
94619
1571
80027
86307
56744
78733
47989
23193
77987
79545
98998
50985
3518
57058
60720
2457
25851
47326
89357
20075
50885
97077
2406
29391
927
58018
8614
6972
31285
21747
78319
25904
39669
58345
28562
96412
53430
92902
35957
47768
72446
34954
98752
92315
92011
59472
94771
34213
23149
84128
54288
74033
97556
73045
3423
14834
31062
28389
21806
78699
66487
16476
20954
6156
74821
65867
18919
44602
58769
54875
92369
47566
89828
91120
56233
98191
66943
51003
32403
6443
51482
86690
96827
65390
76086
250
80223
23500
44990
18380
2198
11476
34856
39503
33983
9676
5369
52902
70629
80489
7776
62997
44407
13956
70468
639
12146
37411
51641
44548
60205
19475
47590
57032
84864
23675
57281
65086
47174
18622
83466
65723
30097
18321
5225
64080
44348
26946
33333
14976
7434
41108
94324
51840
55063
64791
68830
83560
18553
20471
28108
78758
56297
92049
35789
41160
32075
9421
22597
95601
28042
22414
61323
74490
57086
82900
54921
17785
9845
88253
32760
33630
45713
43435
1822
17127
24578
70651
687
43130
7473
28794
21887
63769
37194
74027
21280
69268
83447
60229
64868
27840
82642
42543
18682
39728
25442
73602
57512
51638
78207
6624
1619
23919
66410
19792
41045
90987
90443
58083
34117
14267
86876
72355
94388
24069
62734
32019
9689
62532
92247
74556
90372
74889
33450
9053
30968
58891
99006
4831
26880
93564
27806
44851
33834
94216
64642
91231
1554
71436
49313
35670
85703
36189
24377
96442
76609
87110
28460
2649
49641
20707
93557
56364
11947
27006
81768
59266
2249
97126
80448
29128
90689
8254
73978
24523
18821
54972
15753
20374
26407
65065
72396
28461
17605
13124
24902
10566
16585
53362
13214
82577
90420
6770
38941
18718
33776
37060
77983
36024
34185
58430
81503
24874
83035
71833
49396
1855
26804
81500
38581
53210
46564
27328
81671
64169
40451
6572
74734
73387
76285
87947
55963
83056
11069
94903
1773
61196
48315
79755
97219
82499
54537
95073
7372
37571
66905
73119
39426
93708
54618
94358
63270
1182
21685
44940
81702
78487
67863
56435
51873
60500
60733
7835
43555
88153
19090
45328
49348
67404
41434
62918
49902
95970
57991
73626
33541
24895
46744
89318
34955
1362
83675
98224
18895
21711
59515
596
16549
43729
73382
68421
4228
50466
92607
47783
38619
28048
9462
4318
11803
50895
67236
78057
63217
25226
51682
96757
66472
14777
86074
17778
32490
86100
16001
67736
24162
91867
84683
40710
35596
58064
25482
39823
24882
18088
3957
79852
62488
29770
84169
74290
97017
67756
52346
60233
92981
20379
56989
75805
51508
59414
93582
83997
61865
9583
51733
86026
17801
36415
43087
53396
10831
68568
93219
52064
3007
13527
31915
65494
43297
32435
56136
40313
191
24833
545
9523
45212
73885
85327
96719
49650
78909
97067
11514
4843
48799
13891
22643
1566
56977
92391
28748
41896
1961
80811
44902
15487
12725
10396
58783
61511
82883
15447
61701
7715
32343
87576
69278
22579
72902
65996
72228
68162
79415
93
89356
44565
13983
28351
46130
87311
20741
74877
29206
22701
72039
74108
54539
1115
855
29674
62626
83737
45120
40678
7803
93815
28253
77081
16393
17507
59428
88621
2020
38842
5065
7728
83407
19048
52430
45888
22710
89522
37117
51916
28574
9155
42375
83112
10270
59581
12785
89247
59669
74257
29924
67471
68071
74529
60903
815
8387
20331
5787
26758
75524
10852
34485
58930
46251
86914
21170
68960
76435
74638
37227
5008
83792
95953
4472
10413
71885
17256
99659
31553
7864
45935
15376
92286
36815
76278
93101
45201
12960
15239
88310
88484
26090
22795
63765
88692
26060
1286
57652
18847
75923
11230
40206
76067
23535
44677
86479
95419
78285
2490
26972
2500
64776
58699
94786
1590
34976
4238
63142
64288
19476
51451
52771
61918
90597
32887
50609
33009
34173
24612
51855
26447
35842
8412
2513
59376
69441
88992
54794
47725
7833
98117
66576
72608
56815
61361
90549
8143
81950
70042
88782
1426
37844
57904
79695
44793
90790
30303
77801
41314
54915
46007
67761
7108
54418
70273
66483
23858
75616
37628
87934
83448
52097
54510
72407
25263
32222
62955
49757
14172
49348
38538
31949
87192
96441
27995
31984
87231
58297
26136
44896
13211
72142
12656
36670
26559
99281
3152
66769
74896
57132
71054
74696
25580
41915
47102
50842
74137
10057
599
4660
75756
39136
52960
62947
35577
80954
11282
39159
55602
37417
406
85165
9558
29414
21834
52469
28694
41338
35589
19941
14821
6642
94636
40400
48557
41738
91241
39045
68146
8191
60056
43901
63679
29367
23200
99255
26672
34481
54765
82273
71898
55170
83789
81455
84583
5623
50275
29628
46960
85863
49569
78132
92505
44204
18531
57413
2293
26123
12809
86790
50666
89216
30691
14344
18582
70242
29950
45253
4722
84714
43877
76619
56235
27666
74426
57170
33288
24700
86797
96599
10563
36365
74730
19419
96921
9612
93183
15565
52086
22343
2355
2751
11558
49397
17094
30139
19638
47043
91743
40711
48108
35619
17330
4343
63284
8107
61512
12923
32806
64660
25873
59720
1025
602
95490
14297
26565
88672
46213
78651
11014
48567
81401
38923
14315
14847
69061
50304
61889
60803
91015
9997
12774
24696
30691
76057
32802
92202
5332
65607
56861
31204
25327
74237
48158
20816
4885
74722
25840
51098
69724
53205
16016
67477
92128
30331
82323
77540
96986
60563
54695
88000
86911
67468
12695
17601
59876
45496
26154
65207
27455
83015
96411
69133
73603
44568
89948
78488
35641
32139
45937
5365
85344
61952
89193
93823
8634
87867
71362
5620
48429
26056
93619
35340
9875
22666
52940
69751
84513
95446
34957
11967
78460
47719
81099
68414
8638
87399
63253
44279
19537
9189
65995
21232
87493
55187
15054
12478
43053
2768
18097
7833
45175
28068
43172
55050
50733
12464
24800
35245
7909
76108
63564
2720
23827
44662
87485
32464
32060
50738
93094
67949
76278
59088
5532
80122
30626
36938
92600
90030
39705
10696
97863
84879
55115
57386
56280
22199
69849
97431
57444
94109
73539
37359
13180
13717
82020
665
62532
30432
51402
55626
98380
44031
31065
3911
24153
78043
40848
16752
68072
96904
43799
65934
98135
98914
23320
54414
21112
9520
68197
94907
19981
41735
32265
33160
71803
30637
50176
34334
61068
1577
6311
75799
61960
53728
79709
86112
31770
36909
19215
99841
50164
63013
82127
64650
61926
21798
19064
99390
31317
87260
94296
67649
45346
42913
809
17148
73549
50984
67833
34616
68913
90496
10414
47224
44223
6474
49687
92344
59734
68901
92184
26250
31913
90662
90899
10191
12459
26314
25932
60128
29925
20227
27776
75270
79491
44936
8769
53039
12272
92954
87654
97536
83449
14419
44759
44023
37245
94445
36366
13330
79697
44901
39579
11609
35563
30478
38151
64373
56791
64082
24500
86716
661
68628
78337
80151
29915
87106
49542
58538
96411
53547
56073
79859
67966
17183
40233
21562
11627
76598
34891
91323
37850
74470
19284
73412
4947
73786
54137
78089
54220
94988
64804
71232
79967
43141
67734
9882
46598
17275
68419
59360
70822
40844
39218
55139
58026
95802
76700
86005
72399
11590
93679
10248
2411
12962
12
7357
3100
70500
85446
57319
65487
66601
44902
45454
26093
12635
71687
89042
29910
40105
48401
17083
97300
3970
72221
55326
99771
65272
41330
88521
93213
35008
15121
95624
64322
15132
2980
67421
1983
4777
41091
67469
71378
2344
29274
13822
14978
960
2864
61239
57417
51264
94673
54716
55234
66893
10041
55004
48516
67722
43525
41729
19082
58645
37352
83403
90128
40331
67175
92110
61460
24617
75930
49189
26960
5204
63010
58289
22515
65873
19528
79931
17137
14200
50999
72370
97445
77391
43725
45960
45113
87249
87688
64194
62245
41391
63948
52372
98074
47474
60833
59533
72090
53115
8721
15401
74670
71730
73689
97184
53955
9568
77115
87443
40120
44465
59812
37564
21855
3536
99875
66967
7137
3915
47512
85733
45305
27811
38105
43378
75284
15289
19262
63725
68403
27982
79125
59424
16064
69166
56608
86370
95085
50074
73812
35204
94538
49975
89119
16392
69862
5346
83359
76998
25612
47222
62731
87268
75033
17187
30646
50316
48827
66259
30393
33582
10593
9517
93005
43008
95034
49612
29377
6471
99685
3188
41674
10574
69514
47145
26966
39375
52490
26676
32725
94453
73897
95455
81720
65281
28993
28717
31949
94171
94976
62341
27752
5568
88209
37109
48575
83243
86720
94303
89713
2757
13842
47738
29682
83355
94882
56647
22729
63723
83322
55453
58175
73571
67259
39895
55203
12603
68611
87151
6774
79938
49491
50877
85505
37700
87985
50431
37294
91057
44733
43358
10165
74926
91095
39846
58280
2329
96493
97361
82403
96166
69165
56930
86088
52776
13176
41291
65378
98138
28441
72151
78076
77932
39380
63580
31983
27364
30363
69276
18420
91447
12633
28584
66373
20079
84782
24652
38759
81274
38364
37514
93791
7529
94443
79879
60304
7618
37521
42033
5755
65961
30536
83830
60244
69915
63762
92226
97278
94124
77853
32050
85570
6837
76985
68294
26916
61766
9298
82026
43039
47661
19539
53182
71541
13981
49412
48196
37950
86932
90229
43705
52892
20764
43886
29488
90678
23999
21713
4307
34474
99566
36356
20044
6402
13341
4689
49669
75106
13986
48047
34497
77999
67585
4030
49539
97918
53441
97735
35867
40372
4315
95923
9615
25078
39809
39102
32107
80159
60815
36413
14633
76732
72769
51028
99485
2461
55716
65506
93918
69702
13552
44766
64052
81136
48795
13590
95405
2235
27676
31272
58958
31990
27194
68573
73419
83354
7674
5525
63513
84840
41938
78145
61571
31058
45524
61056
49870
1239
42913
43787
87292
56464
4905
51343
53951
53699
81285
49356
72286
8960
96979
31243
57302
24172
16167
30720
23878
23841
36245
3742
8680
94534
98238
86603
25591
43761
64010
91812
44999
6922
35598
48643
63385
40502
99985
33687
10553
81269
83042
99190
6581
96372
46784
63882
20544
62951
10953
60773
86791
63549
64514
11822
58082
79103
98424
24
22863
62433
91835
84213
69354
43785
32855
49090
638
32840
99129
11190
30460
98522
10379
37040
94894
57163
17273
31789
36465
28226
92561
39607
91774
73426
51428
49856
68880
66204
66231
91742
28636
58066
92306
14342
18202
25161
79783
18839
74352
95263
30029
21163
93785
56759
58203
88678
30273
75475
36818
66737
20052
29378
6343
11826
19155
74123
78033
88034
40326
44263
96127
85313
18680
88432
99654
36881
29944
95789
72072
20647
91051
2100
41810
1187
75210
16364
89864
21835
8190
26681
88571
28242
72410
11266
40067
7916
85388
18099
95949
42065
62361
8427
27377
97393
96859
43383
50625
43154
39171
22696
63801
46573
41147
5610
47760
16357
38325
53975
38191
46514
97008
43113
74755
85769
70730
14821
93685
56117
49271
5985
98181
27984
14412
41910
25376
11270
85292
76000
54423
40814
15048
34575
3738
56194
56536
51497
88902
94860
21824
43444
41374
18831
2909
32480
20951
73638
63653
14635
29755
12923
20620
44287
57258
35031
86196
82633
62652
87839
74985
33426
28652
6384
68001
32390
62577
40888
238
67831
35748
22061
11274
93473
57243
14182
42304
78194
87820
5956
9180
33926
18879
29799
94564
92488
81181
97112
75121
43832
84950
66457
93610
29954
72840
77962
78695
51768
18849
78932
19598
70948
17345
30872
64420
90939
61405
6724
85484
65576
29031
94664
99501
64261
40814
10417
56749
21995
7528
48221
82178
8829
14677
75787
38782
3868
53748
17476
71987
72597
12760
91585
43544
30104
38808
24316
37394
16564
47391
22878
82140
76421
17541
97992
40682
58354
8408
97430
96700
32287
62002
78878
57468
76678
54664
12601
96897
24764
30077
68883
13712
59188
76819
73607
5643
31978
97922
43036
48542
61664
65913
47033
54437
83453
45024
95118
58159
69784
8899
54858
18422
70900
33735
75889
63929
4751
88490
77177
29514
34918
62411
43225
94105
55582
16831
99747
87559
31105
42782
52452
92768
25047
99484
47204
24851
60860
58673
83009
30643
83923
37867
65416
71174
87953
41305
51454
9055
46146
28630
38568
81063
7393
98144
91519
62974
31327
7617
66884
78783
66750
19336
87902
91796
18819
51458
16647
96030
10130
99655
26672
10405
53873
92088
81578
58178
49744
49384
67232
95889
94365
22152
93303
1757
36647
84821
81082
84325
92437
47966
63107
75538
67301
51009
67334
2471
2466
83980
98501
28947
99986
41524
39351
70211
49963
37281
28388
16058
3016
11971
11946
97380
50474
21600
15489
87121
6420
96570
71445
15208
44535
34552
90746
28187
1912
74431
47010
4377
74762
45510
49675
74747
3385
5378
44957
69700
59010
89696
85757
62025
18019
14055
59404
68492
35654
74892
55612
58426
87814
27057
89985
32348
77960
97082
76887
79871
71512
23896
599
46273
85757
66625
21020
89141
72002
82328
75192
31011
88376
60949
93035
6394
75003
68791
74885
27008
60034
46849
85433
47847
90257
75418
96547
68216
72499
73433
64438
44011
97328
81388
6635
83084
48012
44006
88576
20014
26334
80120
67376
31061
41068
60411
37454
32422
45553
28690
59429
5586
75538
44862
69785
65794
36631
66331
50361
9129
39763
31150
69491
53442
12537
76126
52877
76901
36483
57804
13266
79168
37923
80641
10228
78990
57403
64033
27763
2955
92723
87192
24893
84612
48405
94677
66758
85035
77359
17118
10515
17121
64620
96358
86914
77156
88835
39790
70408
25317
97593
83673
4485
35516
80666
14712
30857
38068
95097
58620
57375
4171
62163
98619
88782
10567
9647
71891
11953
87005
89009
38819
20477
53628
35176
7390
47135
40362
63531
33895
65679
61123
17567
86515
12990
14584
17578
43847
69004
12674
18818
42730
16844
97332
41348
21978
24250
50994
93868
36202
37998
99228
91372
74826
69207
42900
82215
32694
83261
45745
66588
65291
23219
506
68157
36209
31442
85735
96407
445
14760
31576
43174
47956
28907
84521
69933
53156
51866
80152
5709
6215
95732
97080
81040
81290
56331
63254
13983
39592
25350
96922
21234
48568
13780
89391
1128
45221
75125
97534
45665
6236
29109
88838
54191
74367
89710
40475
27522
41575
36979
49582
64141
32710
63014
45180
13999
19344
24785
44334
75287
50134
41255
96521
98701
55034
2263
16181
16606
93739
13714
62270
99974
59175
67459
54165
49893
73520
94639
77415
15094
31617
43348
79234
80678
6361
40765
94677
25705
65549
55362
991
32034
96616
13863
47087
68002
16125
63267
84607
9863
76980
63229
9837
52506
47039
80353
2399
20559
74991
96165
35652
22960
39512
31238
3637
62225
88354
14665
87929
53903
70026
5271
85936
82994
19134
33022
67347
35258
96288
68305
61473
89620
47885
71309
58477
94924
51661
77227
15482
43003
73391
67485
82314
29255
15074
2303
91479
3428
16967
95759
73682
3345
1029
75969
2690
20162
25343
86388
71772
37982
54692
49596
27601
2577
37256
2430
13852
5268
79656
29333
48270
53047
96817
46936
98653
11891
49238
90131
31670
82556
85889
5351
85900
3269
81319
4941
39783
23013
91328
27906
60995
62372
77501
88595
81300
14756
7376
95151
36375
87032
24483
84644
56430
37651
31579
71434
65893
97168
61564
97562
79724
63804
19264
65623
83424
16935
86916
23206
39947
78243
51111
941
56966
44963
5888
38265
76070
29615
33415
12444
16646
74249
97088
89427
28252
45018
60860
94144
42186
38775
8058
38261
18930
43673
20235
2354
60607
7150
25559
16906
1745
76670
34198
58710
37984
40085
96975
14054
69700
46741
26497
2697
20990
23584
92124
65593
84954
69335
59736
43491
8110
84145
81751
27039
27818
1985
29392
88424
25487
54951
21681
27231
47972
55879
85940
85955
95963
82914
8
82014
29655
26505
1063
66996
66440
93186
32588
67745
78872
8675
27587
86981
92820
25689
30372
20637
44026
76115
25412
69512
31065
47093
96742
95388
19323
82681
97695
31637
81947
14054
13651
27953
56910
14713
11300
39702
24250
43887
23798
19473
68913
51385
6454
61732
93425
53177
98720
37450
29291
40484
6961
76708
3928
20054
88447
23250
19087
86141
54886
17385
16547
68536
45337
73456
99600
56636
29509
40201
16874
53307
59674
2138
21043
82479
63870
14467
35655
78941
68269
81297
19424
91581
58004
23351
11635
46451
46600
47073
48943
1486
64457
65489
86373
26145
55297
2325
99132
1157
42525
32357
70815
18550
34494
91857
1028
14715
22676
53034
93656
90944
50683
13079
82524
8686
52782
10510
71488
15733
57582
36783
17218
38390
18623
19943
80886
90271
22267
80017
91428
81143
28725
62242
16045
63219
70451
33424
77933
93126
2810
87940
84069
53492
1019
66592
78529
70152
93454
50017
85884
51035
3151
19454
5777
21773
39396
86662
12044
78014
66679
3471
75508
95403
82064
7904
74973
52514
41328
69258
61991
44137
57197
46059
97628
74567
29003
92508
44718
22456
42524
30602
89842
45674
66407
95618
83799
22154
98632
95842
16519
65310
15664
92026
77064
14079
99930
68389
66593
57609
37646
28583
1745
94842
90994
15724
69409
36348
8231
30478
75155
67107
77431
81348
29132
43837
93318
29282
65990
91949
25123
82508
73610
57138
90886
67025
71217
7167
35413
37809
64775
73058
82743
82871
84252
90088
98594
53660
26435
23176
489
17941
6634
77920
99289
52118
21756
92606
81399
4098
84554
22874
86605
74515
80011
77490
41539
51227
1008
76952
5387
65782
66361
88130
48652
50612
94569
63597
20623
37356
3125
21112
55296
9758
99031
70936
78227
37138
63541
59626
41235
64446
82499
44192
55312
78861
38033
96851
30088
39041
90154
35474
4822
56514
39955
69826
23478
34524
33422
44100
71879
36546
81563
43526
62656
96945
14462
40882
34083
94354
16859
91669
75152
15709
52212
30463
94570
90245
27313
41009
45637
17466
76482
50458
90332
16437
36635
13809
50960
86409
74260
39190
39306
55823
82715
1961
69119
97176
59195
19553
91530
92405
11222
66681
24466
63433
97143
35387
70029
40808
76395
15665
58273
52876
82475
64956
69312
19109
78764
36623
21869
53024
75812
61175
25198
58527
79487
94316
72054
38681
13869
63583
47438
41442
46615
71903
21226
43758
7289
7607
917
83683
23271
75541
52910
22097
40497
38574
57558
19260
75196
79426
88635
67360
40600
30184
25886
20087
40852
97939
75119
54720
77874
22556
12513
24488
10810
50090
84597
34450
57696
85513
34484
97319
61054
87394
19415
1550
25967
93324
37161
17514
72750
42148
84873
29701
72331
10758
66139
13182
25049
57610
84253
19274
96517
13117
43761
7327
63207
44710
41776
37254
46574
92612
34572
7627
80005
70339
25528
5971
63662
79041
23484
52763
21188
24709
98816
93518
35466
81306
6700
76866
38915
7304
96139
35432
20421
56252
59110
83627
961
17237
20880
47534
9848
71804
71513
89852
58494
13392
12174
38507
92432
52010
7622
13619
76718
6437
23489
28535
87742
46540
5401
26657
53843
17891
78440
74263
90494
37549
74241
7806
54785
11473
55340
64633
99628
43204
70836
58121
72947
83010
96627
65379
35019
4248
95349
28088
27036
35189
56622
31130
81728
78374
57786
51923
96265
52577
26185
86758
90125
16778
94564
61261
44602
66255
42245
44229
25810
13081
2349
98756
96090
15327
80486
47460
19575
92187
75547
62962
27375
48520
94091
9103
26894
68228
61025
23158
20804
3561
26267
27280
36690
37182
88541
81291
19788
30785
25519
61949
60217
44219
77057
56306
59546
57542
20117
79120
66080
12015
42081
93455
60535
52524
18909
87428
20751
79933
26937
41555
99845
69555
68834
36535
23089
73726
34177
59228
20863
59696
21177
81079
3914
14585
53737
79811
88478
90205
58930
54558
2220
17363
48012
62754
69886
66920
66533
6988
63204
9821
48542
79400
79375
33728
15934
18815
23805
66463
78043
44667
42510
15571
25746
62775
30155
95834
42586
18632
86038
17867
73189
88257
35229
37552
67362
21466
4471
50246
28454
84026
60066
93347
63426
55793
43426
95711
74607
67231
62173
52649
11897
4682
84571
53994
67457
14725
49827
26394
33357
35865
44260
6545
40473
79489
60449
24187
17306
64919
90784
62111
48945
50850
55458
28722
22994
98883
24432
97600
82465
2957
66601
94362
23990
51171
64707
7798
65896
14534
34191
15604
66750
78451
38500
23574
74291
98948
64112
91596
80219
54896
70059
45515
5745
41868
74236
45090
57102
15019
42689
39567
17975
25641
33928
41965
93164
14986
49762
75411
29519
83953
91014
12620
62403
45865
52546
53045
44813
16657
44640
25031
71552
14698
70545
93648
72917
61132
38737
30019
76150
97778
69585
10477
39770
19864
68793
32933
34849
18554
8343
64368
18858
15708
93339
97612
61573
45884
50656
22737
78893
11648
47767
50444
42697
34663
60444
15614
12146
15532
45632
4647
13309
15216
15123
53079
35079
83915
2363
69927
18821
10706
50646
37678
42765
60337
51642
4337
22572
18649
27073
1464
30296
91191
68260
89345
42205
28703
4958
54350
60586
66941
58997
90247
82156
74119
59677
33586
74386
62039
19864
93206
89096
86862
47235
31861
47198
98876
36197
86121
17525
79622
87585
64172
70812
55844
53516
13017
898
74825
83718
61483
41765
42714
51729
40272
33185
27757
73857
7570
89796
10073
775
78891
13286
48009
10751
76835
46885
63300
62955
80761
42921
50539
61284
30084
22734
31152
43100
39983
5976
26818
1466
47741
85883
69546
4364
19067
97303
78221
26636
3450
4645
27410
82340
17930
91771
9443
94764
55007
72742
57718
35767
32014
24609
13402
62097
47342
44553
21549
87325
50529
64718
5142
14621
50600
91039
18984
86019
4693
13556
29006
8142
18200
56416
6834
52481
64538
16276
63596
19544
5369
37666
71662
53734
62274
85063
15830
25967
29616
53730
29643
96496
34799
51136
11116
1751
42175
30099
87769
63219
43655
16774
71361
78206
89541
78194
47039
70430
10821
10634
89973
32541
48299
61634
86274
26924
63049
18455
69243
92664
72185
98885
89159
6983
66373
274
25085
24899
46724
12853
88117
6730
45979
75829
1288
51871
70374
48326
22301
81194
75311
12273
13734
39962
90259
7
66885
53307
34814
36127
62322
6998
51364
51480
30332
17736
68105
55417
42634
31180
84621
47102
37910
46951
22931
55549
15174
93304
20226
37474
90850
95536
66098
20935
35497
72708
37294
18734
26014
72107
54860
4687
79104
22575
56166
25787
40310
40622
97555
99295
71802
98528
46397
26063
61830
85679
97963
77003
78982
18188
30828
86183
13723
96926
7118
49220
69633
44411
84305
11999
16517
39164
16685
11972
61739
89203
54110
18400
46176
51665
34047
34329
66544
80443
76743
28373
66121
74705
5376
61454
92892
36203
47637
22967
49480
54754
88538
35465
15516
72842
63815
32032
12005
96851
60355
90095
86053
14464
24847
32229
82480
58893
82909
65375
55687
59652
93748
38159
34356
15475
15964
43600
68029
79952
66566
33861
34705
55103
85677
66572
27944
49491
14955
56300
46341
75309
62747
48746
6125
3945
97326
4956
79189
80234
70331
34875
39885
80430
89385
90593
12256
21700
34192
96636
1652
757
30496
52708
72211
16172
19280
16506
82014
34234
72805
28355
25895
51903
77100
32019
55847
74425
53326
35035
54658
23656
86261
10895
20437
91997
1487
32692
13697
35678
29328
31700
52786
76175
84407
24996
8699
3686
57853
90712
54272
47009
19066
80166
98912
12517
28536
71110
3293
81861
22497
74303
21869
25109
85197
42305
17106
3035
74997
47154
55064
20676
78853
7849
96850
63259
49196
5548
83297
7048
12612
53920
54056
48029
50437
69319
60546
78972
40429
80190
77184
62925
54492
15404
88033
56040
57709
21490
59074
49057
68643
30489
69732
63847
38337
82933
43458
3884
4833
43106
10931
17444
97025
81339
65472
63813
50657
42369
42784
7437
22559
36319
70361
93402
51723
74746
65794
25783
96235
41219
74839
81230
71708
60922
61428
10044
60206
4885
13928
65038
47990
41210
98833
61366
38900
80657
25178
89557
39377
84313
96993
78287
36984
83706
71689
88706
74803
53834
30840
71037
95052
5678
68618
66759
82951
30046
93155
43156
51282
23434
24546
15624
80995
23378
76989
19895
20386
18519
25803
59763
19183
22795
54401
56166
22852
42441
61223
97654
96274
92062
85043
91326
14091
70012
74436
97041
16409
67590
40197
67691
91023
64742
83314
72018
4471
76654
8264
41209
11524
34066
17323
30707
73212
71723
86872
96064
14164
48095
10069
26789
56508
95111
18114
70599
81475
92550
67639
97883
76491
24187
65573
83866
5280
65238
72235
26103
58244
80498
67311
69767
14563
84633
473
87774
72707
87345
189
3222
51791
26610
30011
8298
21720
48124
95248
19546
57025
62887
17429
49868
3425
83001
33733
8705
64591
5967
34807
22834
86464
2117
92600
17378
3101
93073
21503
75807
96769
38044
95381
64911
64653
25391
73208
2724
73514
68456
22270
46891
47694
39698
96758
51118
39050
46842
59822
3640
52808
10980
26473
55623
29448
35425
73000
32548
44849
10854
24707
41617
48897
20087
6527
13549
45477
96086
16273
35342
80893
38542
98584
44938
94591
11693
96056
33640
58534
72229
37280
11341
83209
80104
66963
29008
31880
56314
61556
76728
83520
2614
18344
32416
39052
41222
62317
84528
53660
78589
36221
34552
33482
51157
79490
28072
62849
91897
61711
21383
80477
15342
32723
80037
11798
16038
9045
43677
88703
86952
20405
72222
89565
55100
20990
28616
12674
83306
29495
66333
78246
82067
17236
28079
33223
96725
72502
96072
4973
50564
17454
1802
65906
66528
81838
94055
98917
7234
54083
87620
94185
74487
76193
83749
45939
13534
28716
58612
13191
74562
41296
7788
56629
58531
35866
89851
71608
8367
85922
76580
58931
19727
94733
41188
86255
76571
35242
85171
156
89324
89142
94341
80163
81687
94441
42453
95220
39509
17416
8411
14070
58711
16198
70698
17241
68416
60549
88848
76782
62822
81780
52064
82549
76512
9603
85155
69434
44844
86677
69590
50520
75819
80282
47034
73857
74722
5838
69076
14230
23253
93838
44652
98315
26388
15349
15555
94803
92249
20755
87936
71423
18886
40000
53971
95397
65954
55477
81183
10798
42153
67124
77669
34323
47405
41054
8179
38478
46891
93607
69060
86495
87444
13711
84809
13831
29059
16715
24985
37660
37469
12921
9082
56354
69272
79404
68103
35225
34880
65637
62374
93384
32760
56394
44059
96516
97447
68589
34993
60689
62195
20404
47183
65991
34114
48343
79821
79525
65058
21158
17184
2526
34078
26265
75232
19701
5668
59686
71277
40547
25322
33651
50282
74433
90044
94340
87300
3843
62929
22292
64531
41475
42696
28066
7465
93161
76408
3638
72685
57817
24795
89868
76695
75224
16132
51926
94924
21799
27963
66200
78697
69636
16202
45331
44068
22598
39670
31367
26440
18950
70010
7322
76777
29057
51739
84241
22218
44499
87878
94902
2315
29024
1122
79009
4247
17253
47286
15522
55404
75248
98074
34100
44883
14275
79430
5302
36872
35452
53020
79663
70753
39382
3337
47529
84790
55075
31770
23359
99573
35999
34613
18240
81375
35734
97248
1973
52986
44534
17495
24741
36133
31920
58841
97368
46194
54622
2669
99418
6425
72041
95432
93530
27774
98768
41058
12563
70195
89179
35922
86119
41530
70534
4358
22904
22619
17958
24876
75604
62491
58722
16697
14975
90641
75537
12342
53187
46510
31363
68956
69287
3403
80739
62816
47528
95859
20225
60090
66053
9404
12363
68523
50933
99248
72881
90188
21866
90838
31415
13822
69680
90137
30518
84654
97129
22406
96996
50315
68915
28358
35622
54553
48112
16361
17368
95639
12219
37593
72080
94623
63348
84443
63145
30632
83690
52377
20819
5556
43214
52233
19377
29245
42369
66246
13899
55850
88651
27246
22516
57565
71955
58138
28470
20066
90850
62189
32056
19420
99781
4135
14042
79480
88577
77186
10111
88619
29563
30929
10526
89128
83162
46254
18373
41882
12499
48623
14083
1149
92220
36599
75065
64174
11088
3534
591
1937
65723
32646
21356
81855
36780
35397
61335
41709
28934
71445
30327
74848
18726
40852
63976
18239
3457
98700
76472
15955
63674
90555
17103
55893
27153
92167
20066
54592
12053
37008
56528
77775
69653
94235
75981
6432
45983
53667
48140
91268
25112
94818
66116
60189
35669
46443
78427
55477
45142
54898
71431
8815
45452
4885
81059
88956
97052
17476
43547
25456
54483
16426
19582
24135
10660
95562
46918
72994
49229
95058
64262
90692
89875
30377
50880
41896
76819
45658
97372
38312
555
68803
63478
62359
90039
44536
67666
87090
78363
27565
28897
32845
43990
48478
73331
71002
60392
20248
60347
9620
15305
24608
16663
21532
71336
83894
63427
64506
29551
77150
2817
46457
62304
66294
8815
52343
27181
92833
55784
5543
20397
84681
54739
80738
49510
28069
68091
9901
48317
28438
35872
79973
69397
52534
1504
40733
36427
81282
21590
65977
58432
24407
12434
37087
7052
37600
89429
50585
46784
61565
56127
67180
62597
27218
64270
12106
55286
48712
22007
3602
93501
57878
83575
62898
26764
1430
19982
63190
82712
41571
45519
57495
82329
74304
94581
89381
28255
362
39965
75039
78278
12443
42218
40874
39660
22839
52979
11298
71551
74985
31251
65051
49215
31177
44300
75978
32607
80633
55519
31670
22204
1037
89164
20884
91692
96
26616
19947
16809
82932
94985
95086
95375
53554
35959
51386
92745
88938
62683
64295
80274
10286
45697
29488
41462
89997
21817
74068
86981
77336
5737
9184
94724
11252
46420
86416
11348
73035
22714
28156
55967
17698
23242
67693
87603
59200
35430
80347
64489
14465
44641
44763
24750
6690
90602
66211
13038
12419
40279
18
6106
62367
25554
17181
73619
71973
3596
1318
45007
42661
29473
17325
60358
69066
1369
47961
28266
36799
28307
92754
51263
89300
53868
76012
95989
44470
42222
9026
73240
98852
9043
95697
77571
34596
12877
51189
22920
32825
68858
84279
75485
98330
1603
35843
67396
2972
155
12013
56122
44813
21118
7384
34112
91338
83395
46452
35807
41968
55477
25398
57172
80872
21094
34742
31819
50322
2282
71091
83146
71139
55369
58631
85820
73323
10825
69567
92646
27331
81579
48767
72143
19049
56150
22607
10386
55896
69058
62544
14216
40887
87941
71387
38110
25386
22480
86280
75707
41113
57370
75205
12251
12738
50187
14422
86061
61011
83989
95058
4693
65567
43825
93187
967
16326
15793
11352
88574
1203
73895
19141
42089
78187
90527
96550
3572
29358
82829
79279
70470
40199
54483
99072
52936
4669
13493
55348
82031
97481
66758
3075
79400
10582
96261
80366
43259
12054
8070
31832
29608
81964
50972
71696
60151
57850
84597
63722
3559
67425
59352
90380
7623
30186
89451
76911
51206
19296
48610
49588
16776
15367
52662
12527
25948
65275
9245
85559
77328
17314
33742
23287
99277
1066
94982
75779
75267
95930
55853
78826
63354
31556
69205
70977
61742
75008
64239
29299
94303
12848
95239
27430
28215
47900
39957
70514
13174
65553
72424
6853
82866
6166
30139
82142
7231
41472
74273
98849
37401
30125
77674
17107
61680
63231
4435
39773
54590
68673
85424
48892
97872
80662
92673
26086
44913
32629
12952
74439
98181
85375
97643
97398
7892
27782
95892
31474
85605
70164
30323
39358
288
24348
72816
78319
3930
77250
34444
58519
62274
19867
7410
60145
528
83
2583
45440
49063
15534
19878
63596
17260
17521
60993
41504
61654
56884
72977
63610
43399
19651
19319
60038
43999
92134
38357
47928
69383
72800
6447
48008
92666
30208
8153
9545
46642
10735
54984
95705
42620
91214
75652
76231
8734
52996
17734
86739
26232
90711
50348
69630
10361
86019
29668
70711
78152
84376
18639
63887
57175
41437
11894
66192
87996
36398
75736
34638
47132
47071
46694
6103
38284
38697
82334
63369
91692
67
50107
17923
7129
16807
3905
33842
19177
49924
4552
97328
34299
39542
77566
7825
97330
5812
74016
85326
42209
66103
19963
5693
29525
83008
11795
67809
21704
94128
47529
13395
94195
13988
47670
1323
30794
67926
35164
49970
17849
56068
63649
52147
95609
57567
59971
92939
63378
50338
78264
21938
32792
14578
27630
62316
97585
39425
46476
35640
33552
10357
49034
44098
24344
13055
61773
71489
80980
96936
37810
15180
69355
17810
67326
64964
75376
43648
74254
55105
10337
68869
77043
59480
83446
4672
38148
97382
44096
975
33021
94000
11331
98406
38097
35674
27813
99869
23514
25144
13157
61323
40324
82511
79133
24001
63826
54508
84001
54431
9613
10689
23299
3007
70169
23096
7678
8316
20477
68126
25642
69849
62125
36973
84607
16573
88998
12419
32794
12512
37562
45950
90186
94237
44812
69318
18238
24990
40178
18590
79420
66142
29278
2719
69148
99446
42166
93177
24113
62643
61302
49755
48843
39778
3079
33449
56351
92076
45867
89144
20939
99781
51445
11125
10369
12608
96794
44958
53949
36971
63547
33369
3112
92825
52439
88611
8622
94604
81788
32735
73598
43089
98841
22441
99219
18271
72241
55569
10346
18108
61064
47637
34240
28860
58761
44608
57819
55554
5918
11768
8877
69464
45136
28340
78640
13926
16951
87262
24881
15090
36348
98479
74530
35188
37271
73748
53458
9511
45668
80155
43970
6731
27791
94561
51942
2903
55521
9761
74809
61438
21528
83685
30901
83015
28376
9541
96940
61678
13154
21820
76767
49501
36650
51297
1040
73920
41396
54497
83431
87064
51003
43752
10146
95146
38313
62088
14400
93833
88200
89208
55270
9727
89244
2522
92741
17620
28414
6032
95649
41567
27851
72416
91067
64501
40064
92106
54772
81459
62954
54554
84874
30309
98306
95020
25454
52970
73459
39853
46802
78010
45413
18423
87736
34656
37296
96828
68627
65710
19211
64276
7276
47061
53043
14695
27913
93106
6800
99037
90916
86106
53590
75790
16414
68247
87161
41867
21216
76971
98071
84369
54980
43483
2791
59067
94491
40087
72246
79469
22148
91456
60096
29423
54868
13138
60469
99133
22595
67269
98169
13511
69726
51758
5652
86139
36357
9164
44357
57572
2486
42427
41941
73817
2262
61083
32883
96752
1169
5128
92572
39668
12935
52668
85443
67802
65805
45911
66934
88400
29531
65102
18262
99256
33212
23913
1746
69568
49428
46102
43491
51913
4881
85431
25729
7142
46514
74963
20245
64034
96442
12816
3702
9376
81835
89144
77177
47640
51406
60463
52391
80937
25564
70652
96544
75127
10916
98290
61046
60343
44391
4537
28607
65623
89967
54335
72764
52832
29297
9360
16866
42090
38528
36919
51465
20362
42414
28641
84353
93819
89103
36743
91107
31019
23746
87651
22497
51013
85940
83543
11355
46682
4431
56313
28657
10749
10647
17772
63581
56295
27132
96798
98384
82011
33716
49848
2372
92481
94841
3077
86299
295
56171
93758
47665
79917
81408
70162
30929
83699
70056
58636
46732
74486
14948
75388
85234
41947
93160
65166
14593
36643
78315
12977
18653
12030
79176
37376
20862
90368
40452
23513
7015
96623
17270
54679
92891
98677
41192
40171
82375
11247
15158
45458
2084
30106
20846
3670
88404
14005
68835
2996
66999
47150
32324
85651
75531
27852
23026
12745
18219
79830
36257
41585
92804
53526
96264
85694
52202
37455
42216
50928
65054
57374
96385
67137
3831
33582
87158
8586
63938
72345
11581
30936
19494
60257
16586
11376
88108
55964
40472
22678
35793
76728
64263
44948
30253
76878
30641
98806
14332
89208
66085
95737
62933
78822
79226
83115
12403
66383
91700
92693
38727
3281
23628
74572
79889
56566
2300
67996
28881
42771
90673
81025
19499
71287
25972
66103
48164
72964
81261
78848
62171
47345
74584
41456
42518
70161
24570
71273
36544
16270
63965
91622
35902
3944
66194
15790
76861
68493
137
5741
27615
90809
86765
47113
78448
29088
29568
26611
2051
10828
5458
80574
74524
96394
22029
17042
66554
46598
88314
19449
79219
52278
11071
15120
72573
77264
47261
49434
62108
47397
55174
6074
54558
58291
69539
49357
87378
99106
75967
89429
26285
97777
70002
808
10522
8382
17849
93427
54979
6162
12876
50550
74791
40298
82021
47364
33913
29282
13149
12372
93030
68322
18445
63939
26612
87983
13295
30342
87088
89262
19770
13372
3390
6123
30532
13911
14504
48380
23689
85834
70894
52916
36383
62036
93213
34756
25751
27125
64037
38899
55848
57066
7221
74293
37357
50184
62275
50651
96877
65715
56264
32998
79086
59653
55472
25969
89915
86327
74349
13604
72161
61594
66519
24895
23629
76084
59650
65732
19560
40038
4630
75408
13456
28202
49700
50812
94738
28326
1462
91614
94040
57726
24612
89478
33730
80083
15446
23645
66410
6146
53600
54922
67739
36470
96168
7720
12553
72170
73451
48465
28559
78080
23872
42014
6282
89923
9177
17371
18248
26991
8984
12288
1068
49947
1765
34797
46382
17210
74793
29143
23356
44744
416
7446
81214
12935
15165
10118
85104
88615
58582
30015
83047
98805
72028
89328
88727
97557
23050
6975
24547
32033
35614
25614
98332
37378
76762
44713
70939
51555
90207
10646
96298
90622
34444
93863
3556
49608
3981
5012
54575
78914
35026
37621
94071
23405
43300
99149
20961
66349
6123
45507
14733
58088
87472
13064
11817
64234
74128
99108
32140
64334
9753
28437
71307
44196
22300
91215
10156
42632
12578
64730
37897
47603
18702
31967
87359
62001
31116
8320
44701
53590
70178
59433
28030
57650
88849
39846
38235
62976
38953
70374
43662
65058
15162
31320
25605
53813
22534
35760
12796
35111
16841
50693
99065
35542
99011
2776
13894
46478
11095
58594
16420
97624
34379
44449
