3
7
8
12
12
18
24
32
42
67
72
83
93
96
99
136
137
141
155
156
189
191
208
238
241
250
253
268
274
282
288
289
295
300
319
362
406
407
416
445
473
474
486
489
491
506
528
529
545
555
576
586
591
596
599
599
602
602
627
629
638
639
661
665
687
692
717
724
734
752
757
775
808
808
809
815
855
861
868
898
899
906
917
927
933
935
941
953
960
961
967
968
975
991
1008
1010
1019
1025
1028
1029
1037
1040
1063
1066
1068
1071
1089
1093
1094
1113
1115
1122
1128
1149
1154
1157
1169
1182
1187
1203
1221
1222
1232
1239
1240
1262
1286
1288
1304
1318
1319
1323
1336
1351
1362
1367
1368
1369
1392
1409
1426
1430
1462
1464
1466
1475
1486
1487
1504
1504
1520
1546
1550
1554
1557
1566
1571
1577
1590
1600
1603
1612
1619
1640
1642
1652
1663
1672
1700
1726
1728
1736
1745
1745
1746
1751
1757
1759
1765
1765
1773
1802
1805
1807
1822
1837
1839
1855
1864
1874
1890
1898
1912
1912
1914
1926
1936
1937
1942
1946
1961
1961
1967
1973
1977
1983
1985
1988
2020
2024
2026
2051
2060
2084
2100
2117
2126
2135
2138
2155
2162
2187
2198
2206
2217
2220
2233
2235
2249
2259
2262
2263
2272
2275
2282
2289
2293
2299
2300
2303
2315
2325
2329
2331
2337
2344
2349
2354
2355
2360
2363
2372
2379
2399
2406
2411
2417
2430
2433
2441
2443
2449
2452
2457
2461
2463
2466
2471
2475
2477
2481
2486
2490
2500
2513
2516
2522
2522
2526
2545
2577
2577
2583
2587
2592
2596
2599
2614
2649
2662
2664
2669
2690
2697
2715
2719
2720
2724
2751
2757
2768
2776
2791
2807
2810
2817
2831
2839
2842
2846
2864
2868
2903
2908
2909
2912
2915
2955
2955
2957
2963
2963
2972
2980
2980
2996
3007
3007
3016
3017
3021
3029
3035
3075
3077
3079
3099
3100
3101
3101
3108
3112
3113
3125
3130
3130
3151
3152
3168
3181
3188
3214
3222
3238
3261
3269
3281
3293
3320
3337
3345
3350
3351
3352
3385
3390
3390
3394
3403
3417
3423
3423
3425
3428
3428
3447
3450
3457
3471
3507
3518
3530
3534
3536
3550
3550
3556
3559
3561
3572
3596
3602
3637
3638
3640
3670
3686
3702
3738
3742
3745
3776
3807
3815
3831
3834
3843
3850
3868
3872
3878
3884
3902
3905
3911
3914
3915
3915
3928
3930
3944
3945
3957
3958
3970
3974
3981
3993
3996
4030
4033
4036
4072
4087
4087
4098
4135
4161
4171
4187
4218
4224
4228
4238
4247
4248
4282
4299
4307
4309
4315
4318
4320
4337
4342
4343
4355
4358
4364
4369
4377
4378
4406
4419
4427
4431
4432
4435
4437
4462
4465
4471
4471
4472
4482
4485
4509
4518
4524
4535
4537
4541
4548
4552
4557
4567
4585
4610
4630
4645
4647
4648
4660
4669
4672
4682
4682
4687
4689
4690
4693
4693
4709
4713
4716
4722
4744
4744
4751
4775
4777
4798
4821
4822
4822
4831
4833
4843
4858
4881
4882
4885
4885
4885
4905
4922
4940
4941
4947
4956
4958
4967
4973
4998
5000
5008
5008
5012
5033
5054
5065
5123
5128
5142
5142
5161
5202
5204
5225
5268
5271
5275
5277
5280
5285
5302
5332
5333
5339
5346
5351
5365
5369
5369
5376
5378
5387
5396
5401
5422
5426
5458
5470
5501
5525
5531
5532
5543
5548
5556
5568
5586
5591
5610
5612
5620
5623
5643
5652
5655
5662
5668
5678
5686
5689
5693
5709
5722
5737
5738
5741
5743
5745
5755
5757
5776
5777
5787
5800
5804
5812
5833
5837
5838
5869
5869
5873
5878
5888
5911
5918
5932
5956
5957
5965
5967
5971
5976
5985
5987
5997
6032
6074
6087
6087
6103
6106
6120
6123
6123
6125
6146
6151
6153
6156
6157
6159
6162
6166
6172
6208
6215
6236
6240
6282
6295
6311
6343
6357
6361
6372
6384
6386
6394
6402
6420
6423
6425
6432
6437
6437
6443
6444
6447
6454
6455
6471
6474
6508
6515
6520
6527
6528
6536
6536
6537
6537
6541
6545
6545
6553
6572
6574
6581
6592
6597
6624
6634
6635
6642
6650
6664
6678
6684
6686
6690
6700
6709
6711
6724
6730
6731
6770
6774
6788
6800
6820
6834
6837
6844
6853
6863
6922
6930
6942
6961
6972
6975
6983
6988
6998
7012
7015
7032
7048
7052
7088
7108
7118
7118
7129
7132
7137
7142
7145
7150
7167
7167
7221
7231
7234
7250
7257
7267
7276
7278
7278
7287
7289
7300
7304
7322
7326
7327
7353
7357
7372
7376
7379
7384
7390
7393
7405
7410
7418
7425
7434
7437
7446
7465
7473
7475
7476
7504
7521
7524
7527
7528
7528
7529
7544
7570
7607
7617
7618
7622
7622
7623
7627
7674
7677
7678
7699
7700
7709
7715
7720
7721
7728
7746
7765
7776
7779
7788
7798
7803
7806
7825
7833
7833
7835
7849
7864
7887
7892
7904
7909
7916
7933
7968
7979
8051
8058
8070
8076
8099
8100
8107
8110
8112
8117
8142
8143
8144
8153
8161
8176
8179
8182
8190
8191
8195
8201
8207
8231
8231
8232
8254
8264
8298
8316
8320
8342
8343
8343
8367
8372
8379
8382
8386
8387
8408
8411
8412
8427
8462
8488
8516
8549
8550
8552
8586
8613
8614
8622
8628
8634
8638
8656
8668
8669
8675
8680
8680
8684
8686
8688
8699
8705
8714
8721
8732
8734
8734
8769
8770
8778
8783
8796
8815
8815
8829
8838
8848
8859
8877
8879
8880
8899
8911
8930
8948
8960
8984
9026
9038
9043
9045
9053
9055
9067
9082
9088
9103
9122
9129
9139
9155
9164
9175
9177
9180
9184
9187
9189
9200
9217
9242
9245
9298
9298
9327
9327
9360
9376
9384
9404
9418
9421
9443
9462
9495
9511
9517
9520
9523
9534
9541
9545
9548
9558
9568
9583
9603
9612
9613
9615
9620
9647
9676
9689
9715
9727
9736
9749
9750
9753
9758
9761
9769
9785
9821
9837
9839
9845
9848
9863
9875
9882
9901
9917
9963
9964
9978
9997
9999
10041
10044
10045
10057
10069
10073
10091
10097
10110
10111
10118
10130
10146
10156
10165
10176
10186
10191
10225
10228
10248
10269
10270
10286
10337
10345
10346
10357
10361
10365
10369
10379
10386
10394
10396
10405
10413
10414
10417
10425
10428
10453
10465
10467
10477
10510
10510
10515
10522
10526
10543
10553
10562
10563
10566
10567
10574
10576
10582
10586
10593
10603
10620
10634
10636
10640
10643
10646
10647
10660
10672
10689
10690
10693
10696
10706
10720
10735
10749
10749
10751
10754
10758
10794
10798
10806
10807
10810
10821
10825
10828
10831
10837
10849
10852
10854
10895
10916
10931
10953
10980
11014
11021
11060
11069
11071
11072
11073
11088
11095
11105
11116
11118
11121
11125
11143
11176
11190
11190
11200
11217
11222
11230
11230
11247
11252
11266
11270
11274
11277
11282
11298
11300
11331
11341
11348
11352
11355
11376
11399
11399
11450
11473
11476
11488
11498
11500
11514
11524
11547
11552
11558
11581
11590
11609
11621
11627
11627
11635
11648
11649
11668
11685
11693
11703
11735
11735
11765
11768
11781
11788
11794
11795
11798
11803
11810
11817
11822
11826
11829
11840
11845
11862
11891
11894
11897
11899
11911
11924
11943
11946
11947
11953
11967
11971
11972
11979
11999
12005
12013
12015
12020
12030
12044
12053
12054
12066
12085
12106
12125
12146
12146
12160
12165
12174
12194
12204
12209
12219
12219
12221
12251
12256
12270
12272
12273
12288
12290
12292
12341
12342
12363
12372
12390
12403
12405
12408
12419
12419
12434
12443
12444
12446
12459
12464
12478
12499
12503
12506
12512
12513
12517
12518
12527
12537
12553
12557
12563
12578
12601
12603
12608
12612
12620
12633
12635
12644
12656
12674
12674
12695
12714
12719
12725
12738
12745
12756
12760
12760
12774
12775
12785
12795
12796
12802
12809
12816
12825
12842
12848
12853
12876
12877
12921
12923
12923
12934
12935
12935
12949
12952
12960
12962
12977
12990
12996
13017
13038
13055
13063
13064
13079
13081
13117
13124
13125
13131
13132
13134
13138
13149
13154
13156
13157
13174
13176
13180
13182
13191
13192
13196
13211
13213
13214
13217
13233
13256
13266
13274
13286
13295
13309
13325
13330
13333
13341
13354
13361
13362
13372
13382
13392
13395
13402
13418
13426
13443
13447
13453
13456
13493
13511
13527
13532
13534
13549
13549
13552
13556
13556
13565
13565
13580
13584
13590
13604
13605
13613
13619
13625
13651
13691
13695
13697
13711
13712
13714
13717
13723
13734
13736
13761
13780
13809
13809
13810
13811
13822
13822
13829
13831
13842
13852
13858
13863
13867
13869
13884
13886
13891
13894
13899
13905
13910
13911
13926
13928
13956
13972
13981
13983
13983
13986
13988
13999
14000
14005
14017
14030
14042
14046
14054
14054
14055
14070
14072
14079
14080
14083
14091
14095
14164
14172
14182
14200
14216
14230
14230
14254
14267
14275
14283
14297
14300
14315
14332
14338
14342
14344
14362
14400
14412
14419
14419
14422
14422
14442
14462
14463
14464
14465
14467
14498
14502
14504
14531
14534
14543
14551
14563
14576
14578
14584
14584
14585
14593
14621
14633
14635
14665
14677
14681
14688
14695
14698
14701
14710
14712
14713
14715
14725
14733
14744
14756
14760
14777
14803
14821
14821
14829
14829
14834
14837
14838
14847
14869
14880
14897
14900
14935
14948
14955
14961
14975
14976
14978
14986
14999
15019
15048
15054
15074
15090
15094
15114
15120
15121
15123
15132
15135
15146
15147
15158
15162
15165
15174
15174
15175
15180
15188
15191
15208
15209
15216
15218
15222
15239
15240
15262
15276
15289
15298
15305
15325
15327
15342
15342
15349
15367
15376
15376
15377
15401
15404
15422
15435
15443
15446
15447
15475
15482
15485
15487
15489
15492
15516
15522
15531
15532
15534
15555
15565
15571
15587
15594
15604
15614
15624
15656
15656
15662
15664
15665
15684
15695
15708
15709
15711
15724
15733
15753
15790
15793
15830
15832
15853
15893
15894
15912
15934
15935
15937
15955
15958
15964
16001
16005
16006
16016
16019
16028
16029
16038
16041
16045
16058
16064
16066
16082
16084
16093
16104
16115
16121
16125
16132
16136
16154
16164
16167
16172
16172
16181
16188
16193
16198
16198
16202
16212
16268
16270
16273
16276
16283
16295
16322
16326
16332
16357
16361
16364
16392
16393
16400
16409
16414
16420
16426
16437
16476
16492
16495
16506
16509
16517
16519
16521
16522
16547
16547
16549
16559
16564
16571
16573
16585
16586
16593
16604
16604
16606
16607
16615
16646
16647
16651
16657
16661
16662
16663
16674
16685
16691
16697
16715
16752
16754
16774
16776
16778
16779
16805
16807
16809
16831
16841
16842
16844
16859
16866
16874
16906
16916
16935
16951
16967
16975
17042
17046
17063
17083
17094
17096
17103
17103
17106
17107
17118
17121
17127
17137
17148
17181
17183
17184
17186
17187
17200
17210
17210
17210
17218
17224
17226
17227
17236
17237
17241
17245
17247
17253
17256
17260
17270
17270
17273
17275
17276
17280
17306
17307
17308
17314
17315
17323
17325
17326
17330
17345
17353
17360
17363
17368
17371
17378
17383
17385
17406
17416
17429
17444
17454
17457
17462
17466
17476
17476
17481
17495
17507
17514
17521
17525
17540
17541
17557
17559
17562
17567
17570
17578
17601
17605
17608
17614
17620
17628
17629
17646
17649
17655
17698
17734
17736
17744
17772
17775
17778
17785
17785
17801
17805
17809
17810
17842
17848
17849
17849
17867
17891
17905
17906
17923
17930
17941
17956
17958
17965
17974
17975
17987
17988
17997
18019
18062
18066
18088
18097
18099
18108
18114
18115
18137
18146
18169
18188
18188
18191
18200
18202
18219
18222
18227
18233
18238
18239
18240
18248
18262
18271
18285
18314
18317
18318
18321
18339
18344
18369
18373
18380
18382
18392
18394
18400
18420
18422
18423
18437
18445
18448
18455
18490
18509
18512
18519
18524
18524
18531
18533
18550
18553
18554
18582
18582
18583
18583
18585
18590
18593
18604
18612
18613
18622
18623
18629
18632
18639
18649
18653
18680
18682
18683
18702
18718
18720
18726
18734
18734
18736
18793
18806
18815
18818
18819
18821
18821
18831
18839
18841
18847
18849
18858
18878
18879
18883
18886
18895
18907
18909
18919
18930
18950
18954
18984
19021
19026
19038
19043
19048
19049
19064
19066
19067
19082
19087
19090
19109
19120
19122
19124
19134
19141
19155
19160
19177
19177
19183
19211
19215
19222
19260
19262
19264
19274
19280
19284
19296
19311
19319
19323
19336
19341
19344
19352
19377
19384
19387
19388
19415
19419
19420
19424
19441
19449
19454
19473
19475
19476
19486
19494
19499
19506
19515
19528
19529
19537
19539
19539
19544
19546
19549
19553
19560
19566
19575
19578
19582
19589
19598
19616
19638
19639
19647
19651
19684
19694
19701
19715
19727
19765
19770
19788
19792
19814
19839
19847
19863
19864
19864
19867
19878
19895
19909
19925
19926
19941
19943
19947
19963
19981
19982
20014
20021
20044
20049
20052
20054
20066
20066
20075
20076
20079
20079
20087
20087
20097
20117
20138
20162
20177
20198
20206
20225
20226
20227
20235
20243
20245
20248
20270
20331
20360
20362
20374
20379
20386
20397
20404
20405
20416
20421
20434
20437
20437
20462
20471
20477
20477
20507
20519
20522
20527
20536
20544
20544
20550
20556
20559
20563
20610
20620
20622
20623
20637
20647
20676
20677
20703
20707
20741
20751
20755
20764
20804
20805
20816
20818
20819
20820
20821
20833
20835
20845
20846
20862
20863
20876
20880
20884
20910
20935
20939
20951
20951
20954
20961
20990
20990
21009
21014
21020
21043
21063
21086
21092
21094
21106
21112
21112
21118
21121
21131
21145
21158
21163
21170
21177
21188
21213
21216
21226
21232
21234
21244
21257
21280
21301
21334
21334
21344
21355
21356
21383
21388
21418
21424
21466
21490
21503
21524
21528
21532
21538
21549
21562
21569
21588
21590
21600
21602
21608
21610
21618
21677
21681
21685
21692
21700
21704
21711
21713
21720
21736
21744
21747
21756
21773
21778
21798
21799
21806
21817
21819
21820
21824
21831
21834
21835
21848
21855
21865
21866
21869
21869
21887
21901
21926
21938
21950
21968
21978
21980
21981
21995
22007
22021
22026
22029
22034
22047
22061
22097
22106
22148
22152
22154
22199
22204
22218
22242
22262
22267
22270
22292
22300
22301
22328
22343
22350
22384
22398
22399
22406
22414
22440
22441
22456
22468
22480
22480
22497
22497
22509
22509
22515
22516
22528
22534
22541
22556
22559
22572
22575
22578
22579
22585
22595
22597
22598
22606
22607
22619
22626
22633
22642
22643
22666
22674
22676
22678
22696
22701
22710
22714
22725
22729
22734
22737
22755
22795
22795
22834
22839
22847
22852
22863
22874
22878
22904
22920
22931
22960
22967
22994
23004
23009
23013
23018
23026
23028
23042
23050
23080
23089
23096
23149
23158
23174
23176
23193
23200
23206
23219
23235
23242
23250
23253
23259
23271
23287
23287
23299
23320
23351
23353
23356
23359
23371
23378
23382
23394
23405
23428
23434
23441
23457
23466
23478
23484
23489
23489
23500
23513
23514
23529
23535
23536
23540
23574
23584
23600
23628
23629
23645
23648
23656
23665
23675
23689
23725
23746
23767
23798
23805
23826
23827
23841
23858
23865
23872
23878
23896
23913
23913
23919
23959
23969
23974
23990
23999
23999
24000
24001
24036
24057
24069
24069
24093
24105
24113
24128
24135
24153
24162
24163
24172
24187
24187
24188
24202
24204
24250
24250
24272
24305
24316
24344
24348
24350
24369
24377
24397
24407
24432
24466
24474
24476
24483
24488
24500
24523
24523
24546
24547
24570
24578
24608
24609
24612
24612
24617
24619
24652
24655
24689
24696
24700
24707
24709
24714
24723
24732
24733
24741
24750
24761
24764
24766
24785
24785
24795
24800
24815
24830
24833
24844
24847
24850
24851
24868
24874
24876
24881
24882
24889
24893
24895
24895
24898
24899
24902
24973
24985
24990
24996
25004
25031
25041
25047
25049
25057
25067
25073
25078
25085
25095
25109
25112
25123
25125
25144
25161
25161
25172
25178
25198
25226
25229
25237
25263
25275
25287
25300
25317
25322
25327
25343
25350
25376
25384
25386
25390
25391
25395
25398
25406
25412
25419
25433
25439
25442
25454
25456
25482
25487
25495
25502
25505
25519
25528
25554
25559
25564
25567
25571
25580
25591
25605
25606
25612
25614
25641
25642
25689
25705
25722
25728
25729
25746
25751
25783
25787
25803
25810
25815
25817
25840
25851
25873
25886
25895
25904
25905
25932
25948
25956
25967
25967
25969
25972
26013
26014
26056
26060
26063
26086
26090
26093
26097
26099
26103
26123
26133
26136
26145
26154
26179
26185
26190
26230
26232
26250
26256
26265
26267
26269
26270
26283
26285
26306
26308
26314
26321
26334
26346
26388
26391
26394
26397
26407
26435
26440
26447
26458
26468
26473
26497
26505
26521
26541
26553
26559
26565
26610
26611
26612
26616
26623
26636
26657
26657
26672
26672
26676
26681
26683
26686
26689
26758
26764
26789
26804
26818
26823
26868
26876
26880
26883
26894
26905
26911
26916
26924
26937
26944
26946
26953
26957
26960
26966
26972
26981
26991
27001
27006
27008
27013
27026
27036
27039
27057
27066
27073
27087
27092
27106
27117
27125
27132
27153
27181
27183
27194
27218
27231
27246
27262
27263
27265
27280
27283
27297
27313
27314
27316
27325
27328
27329
27331
27354
27364
27375
27377
27384
27403
27410
27430
27455
27484
27485
27513
27522
27546
27565
27566
27577
27587
27598
27601
27604
27605
27615
27618
27630
27666
27676
27721
27735
27737
27752
27757
27763
27765
27774
27776
27782
27790
27791
27794
27799
27806
27811
27813
27818
27818
27819
27839
27840
27851
27852
27906
27908
27911
27913
27944
27953
27963
27972
27982
27984
27995
28014
28030
28042
28048
28066
28068
28069
28072
28079
28079
28088
28105
28106
28108
28122
28146
28153
28156
28187
28202
28215
28226
28242
28252
28253
28255
28265
28266
28273
28280
28280
28307
28318
28325
28326
28327
28330
28336
28340
28351
28355
28358
28373
28376
28385
28386
28388
28389
28401
28414
28437
28438
28441
28441
28454
28460
28461
28470
28525
28535
28536
28559
28562
28572
28574
28575
28583
28584
28589
28607
28616
28623
28630
28636
28641
28652
28657
28690
28694
28703
28716
28717
28722
28725
28727
28747
28748
28757
28771
28794
28860
28879
28881
28897
28907
28930
28934
28939
28947
28948
28960
28968
28973
28992
28993
29003
29006
29008
29024
29031
29047
29057
29059
29088
29100
29102
29109
29111
29128
29131
29132
29133
29135
29143
29148
29166
29172
29179
29206
29214
29231
29245
29255
29258
29262
29266
29274
29278
29281
29282
29282
29291
29297
29298
29299
29317
29323
29328
29333
29358
29367
29376
29377
29378
29378
29391
29392
29414
29422
29423
29448
29458
29473
29488
29488
29495
29498
29504
29509
29514
29514
29519
29522
29525
29531
29531
29538
29551
29563
29568
29570
29608
29615
29616
29622
29628
29643
29644
29647
29654
29655
29668
29674
29677
29680
29682
29701
29712
29714
29755
29757
29767
29769
29770
29770
29775
29778
29799
29804
29827
29849
29896
29898
29910
29915
29924
29925
29925
29934
29934
29944
29950
29954
29989
30011
30015
30019
30029
30030
30046
30064
30077
30084
30088
30097
30099
30104
30106
30125
30134
30139
30139
30155
30173
30180
30184
30186
30206
30208
30246
30253
30273
30292
30296
30303
30309
30320
30323
30327
30331
30332
30342
30349
30363
30372
30377
30393
30401
30409
30418
30432
30436
30460
30463
30478
30478
30489
30496
30513
30518
30526
30532
30536
30550
30570
30602
30626
30632
30637
30641
30642
30643
30646
30654
30663
30691
30691
30695
30706
30707
30715
30720
30723
30727
30754
30757
30781
30784
30785
30793
30794
30828
30836
30840
30857
30860
30872
30901
30913
30921
30925
30928
30929
30929
30936
30947
30968
30992
31011
31019
31047
31058
31061
31062
31065
31065
31094
31105
31106
31116
31124
31130
31150
31152
31177
31180
31199
31204
31210
31231
31238
31243
31245
31251
31272
31285
31317
31320
31327
31329
31336
31337
31363
31365
31367
31415
31442
31474
31553
31556
31557
31576
31579
31581
31581
31612
31617
31623
31636
31637
31649
31670
31670
31671
31671
31696
31700
31712
31712
31715
31731
31770
31770
31789
31812
31819
31832
31836
31849
31858
31861
31868
31878
31880
31897
31898
31906
31913
31915
31919
31920
31929
31934
31949
31949
31952
31962
31967
31971
31978
31981
31983
31984
31990
32003
32014
32019
32019
32032
32033
32034
32040
32050
32056
32060
32062
32068
32075
32107
32114
32130
32131
32139
32140
32148
32151
32178
32222
32229
32229
32240
32260
32265
32287
32301
32324
32343
32348
32351
32357
32378
32390
32403
32416
32422
32435
32462
32464
32480
32481
32490
32494
32508
32509
32521
32541
32548
32586
32587
32588
32607
32621
32629
32646
32654
32692
32694
32701
32710
32710
32717
32723
32725
32728
32735
32741
32757
32758
32760
32760
32768
32774
32792
32794
32795
32802
32806
32819
32825
32826
32840
32845
32855
32857
32859
32867
32883
32887
32901
32904
32926
32933
32942
32943
32955
32998
33009
33021
33022
33037
33047
33101
33107
33154
33160
33164
33167
33185
33196
33212
33219
33223
33232
33255
33288
33307
33310
33315
33333
33336
33352
33357
33362
33369
33373
33378
33396
33415
33422
33424
33426
33443
33449
33450
33453
33458
33466
33474
33482
33541
33552
33559
33582
33582
33586
33608
33630
33640
33646
33651
33652
33680
33687
33716
33719
33728
33730
33730
33733
33735
33742
33776
33834
33842
33861
33874
33879
33895
33901
33913
33916
33920
33926
33926
33928
33943
33983
33996
34009
34016
34021
34047
34061
34066
34078
34083
34100
34112
34114
34117
34118
34120
34144
34173
34173
34177
34185
34191
34192
34198
34202
34213
34213
34221
34226
34234
34240
34247
34264
34298
34299
34311
34323
34329
34334
34342
34344
34352
34354
34356
34358
34373
34375
34379
34444
34444
34450
34474
34481
34484
34485
34488
34494
34497
34524
34524
34552
34552
34572
34575
34596
34597
34599
34613
34616
34623
34633
34633
34638
34656
34663
34705
34722
34742
34756
34797
34799
34802
34806
34807
34814
34833
34849
34856
34857
34875
34880
34891
34895
34898
34906
34918
34934
34940
34954
34955
34956
34957
34973
34976
34993
35001
35008
35019
35026
35031
35035
35038
35076
35079
35103
35111
35130
35164
35165
35174
35176
35188
35189
35196
35204
35225
35229
35242
35245
35245
35258
35276
35278
35300
35340
35342
35352
35358
35362
35387
35390
35397
35406
35413
35425
35426
35430
35432
35432
35448
35452
35458
35465
35466
35474
35478
35482
35497
35511
35516
35531
35542
35558
35563
35572
35577
35589
35596
35598
35614
35614
35619
35622
35640
35641
35642
35646
35650
35652
35654
35655
35665
35669
35670
35674
35678
35683
35704
35710
35734
35748
35760
35762
35767
35789
35793
35807
35834
35838
35842
35843
35865
35866
35867
35872
35890
35894
35902
35904
35922
35949
35951
35957
35959
35959
35963
35999
36014
36024
36034
36058
36092
36108
36122
36126
36127
36128
36133
36137
36138
36189
36197
36202
36203
36209
36219
36221
36245
36251
36257
36285
36300
36306
36319
36343
36348
36348
36356
36356
36357
36357
36365
36366
36375
36383
36398
36413
36415
36426
36427
36438
36465
36470
36478
36483
36487
36533
36535
36544
36546
36549
36553
36573
36581
36595
36599
36604
36612
36622
36623
36631
36635
36643
36647
36650
36656
36664
36670
36676
36689
36690
36718
36738
36743
36759
36780
36783
36787
36799
36815
36818
36818
36843
36861
36872
36881
36885
36896
36909
36911
36919
36931
36938
36966
36971
36973
36979
36981
36984
37008
37040
37060
37087
37109
37112
37113
37117
37127
37138
37157
37161
37176
37182
37182
37194
37227
37242
37245
37247
37254
37256
37271
37280
37281
37289
37290
37294
37294
37294
37296
37310
37325
37352
37356
37357
37359
37376
37378
37394
37401
37411
37417
37428
37450
37454
37455
37469
37474
37490
37492
37494
37514
37521
37540
37549
37552
37562
37564
37571
37593
37600
37620
37621
37623
37628
37646
37646
37651
37660
37666
37678
37682
37695
37700
37783
37792
37805
37809
37810
37843
37844
37850
37867
37897
37906
37910
37911
37918
37923
37929
37932
37950
37982
37984
37998
38004
38033
38044
38068
38097
38098
38105
38110
38118
38124
38128
38148
38149
38151
38159
38191
38198
38220
38232
38235
38236
38245
38261
38265
38269
38284
38294
38312
38313
38325
38337
38342
38354
38357
38364
38371
38390
38411
38478
38500
38507
38528
38538
38542
38566
38566
38568
38572
38574
38581
38619
38642
38681
38697
38700
38705
38727
38729
38730
38737
38755
38758
38759
38759
38775
38782
38807
38807
38808
38819
38822
38827
38828
38842
38871
38899
38900
38912
38915
38923
38941
38953
38975
39019
39030
39034
39041
39045
39050
39052
39057
39061
39065
39067
39071
39085
39086
39102
39134
39136
39138
39159
39160
39164
39168
39169
39171
39190
39195
39218
39261
39306
39306
39336
39351
39358
39375
39376
39377
39380
39382
39396
39415
39416
39425
39425
39426
39461
39477
39491
39503
39509
39512
39542
39567
39579
39579
39581
39583
39590
39592
39607
39660
39668
39669
39670
39698
39702
39705
39705
39720
39720
39728
39763
39770
39773
39778
39783
39787
39790
39794
39797
39809
39823
39846
39846
39853
39875
39885
39895
39921
39927
39945
39947
39955
39956
39957
39962
39965
39978
39983
40000
40038
40039
40045
40052
40064
40067
40076
40080
40084
40085
40087
40091
40105
40120
40156
40171
40178
40184
40197
40199
40201
40206
40206
40231
40233
40250
40256
40258
40272
40279
40282
40298
40302
40309
40310
40313
40318
40324
40326
40331
40347
40362
40372
40400
40406
40429
40444
40446
40451
40452
40472
40473
40475
40484
40485
40497
40502
40508
40514
40518
40524
40547
40547
40559
40592
40600
40603
40620
40622
40623
40639
40678
40682
40710
40711
40731
40733
40743
40764
40765
40774
40778
40788
40808
40814
40814
40839
40841
40844
40848
40852
40852
40874
40882
40887
40888
40902
40920
40965
41009
41010
41015
41043
41045
41054
41058
41068
41070
41091
41107
41108
41113
41135
41147
41160
41184
41188
41192
41209
41210
41219
41222
41235
41255
41258
41278
41281
41291
41296
41305
41307
41308
41314
41318
41328
41330
41338
41348
41365
41374
41391
41396
41414
41434
41435
41437
41442
41443
41456
41462
41463
41472
41475
41504
41524
41530
41533
41539
41555
41556
41567
41571
41575
41582
41585
41617
41625
41633
41640
41674
41709
41718
41729
41732
41735
41738
41741
41741
41765
41776
41793
41803
41806
41810
41843
41850
41867
41868
41872
41882
41896
41896
41910
41915
41915
41923
41938
41941
41947
41947
41965
41968
42014
42033
42054
42065
42081
42081
42089
42090
42120
42122
42146
42148
42153
42166
42172
42175
42186
42186
42205
42205
42209
42216
42218
42222
42245
42304
42305
42317
42329
42354
42369
42369
42375
42414
42417
42427
42434
42441
42453
42509
42510
42517
42518
42524
42525
42525
42527
42542
42543
42586
42607
42616
42620
42623
42632
42634
42647
42661
42668
42689
42696
42697
42714
42719
42730
42740
42742
42755
42765
42769
42771
42782
42784
42796
42819
42884
42886
42899
42900
42913
42913
42913
42921
42996
42997
43003
43005
43008
43023
43036
43039
43053
43061
43087
43089
43089
43100
43106
43113
43127
43129
43130
43141
43154
43156
43163
43172
43174
43204
43214
43214
43225
43246
43259
43263
43279
43297
43300
43316
43348
43358
43378
43383
43395
43399
43422
43426
43435
43444
43458
43465
43465
43483
43483
43491
43491
43525
43526
43530
43544
43547
43550
43554
43555
43600
43648
43655
43662
43673
43673
43677
43705
43725
43729
43739
43752
43754
43758
43761
43761
43762
43785
43787
43799
43822
43825
43832
43837
43847
43874
43877
43886
43887
43898
43901
43903
43903
43942
43943
43964
43970
43977
43981
43990
43999
44006
44007
44011
44020
44023
44026
44026
44031
44059
44067
44068
44069
44075
44092
44096
44098
44100
44101
44116
44137
44155
44171
44192
44196
44204
44216
44219
44223
44229
44260
44263
44263
44263
44279
44287
44300
44313
44314
44327
44334
44348
44349
44357
44361
44391
44406
44407
44411
44449
44465
44470
44477
44498
44499
44518
44534
44535
44536
44541
44548
44553
44555
44565
44568
44602
44602
44608
44640
44641
44646
44652
44662
44667
44677
44696
44701
44702
44710
44713
44718
44728
44733
44744
44759
44763
44766
44793
44812
44813
44813
44815
44820
44844
44849
44851
44853
44855
44862
44883
44896
44901
44902
44902
44905
44908
44913
44936
44938
44940
44948
44957
44958
44963
44989
44990
44995
44999
45007
45014
45018
45018
45024
45044
45090
45113
45120
45131
45136
45142
45157
45163
45175
45180
45190
45201
45212
45215
45217
45221
45235
45250
45253
45263
45277
45294
45299
45305
45313
45319
45328
45330
45331
45337
45346
45384
45413
45424
45440
45444
45452
45454
45458
45477
45495
45496
45498
45507
45510
45515
45519
45524
45528
45553
45600
45601
45632
45637
45647
45647
45658
45665
45668
45674
45697
45713
45745
45758
45810
45831
45865
45867
45873
45875
45884
45888
45911
45933
45935
45937
45939
45949
45950
45960
45979
45983
45992
46007
46027
46059
46077
46087
46102
46130
46146
46151
46176
46176
46194
46213
46239
46250
46251
46254
46273
46318
46322
46323
46341
46365
46369
46382
46397
46419
46420
46426
46438
46443
46449
46451
46452
46457
46458
46476
46478
46498
46510
46514
46514
46531
46539
46540
46541
46543
46564
46573
46574
46588
46598
46598
46600
46613
46615
46642
46660
46668
46682
46682
46694
46724
46732
46741
46742
46744
46745
46777
46784
46784
46792
46802
46837
46842
46844
46849
46853
46863
46885
46889
46891
46891
46918
46936
46942
46951
46960
46974
47009
47010
47029
47033
47034
47039
47039
47043
47061
47071
47073
47073
47078
47087
47093
47094
47102
47102
47113
47130
47132
47135
47141
47145
47150
47154
47172
47174
47183
47187
47191
47198
47204
47222
47224
47228
47235
47261
47271
47286
47286
47326
47328
47342
47345
47355
47364
47391
47397
47405
47414
47435
47438
47460
47474
47512
47514
47524
47528
47529
47529
47529
47534
47566
47568
47569
47570
47590
47601
47603
47625
47630
47636
47637
47637
47640
47661
47665
47670
47672
47679
47694
47696
47719
47725
47725
47726
47738
47741
47746
47760
47767
47768
47783
47786
47786
47790
47817
47845
47847
47854
47870
47885
47887
47900
47905
47917
47928
47933
47954
47956
47961
47966
47972
47978
47984
47989
47990
47992
48008
48009
48012
48012
48029
48034
48039
48046
48047
48058
48079
48095
48108
48112
48113
48124
48140
48158
48159
48161
48164
48192
48196
48221
48270
48299
48314
48315
48317
48318
48326
48330
48343
48343
48348
48349
48361
48368
48380
48401
48405
48429
48435
48447
48465
48472
48478
48485
48489
48507
48516
48520
48520
48542
48542
48557
48567
48568
48575
48590
48610
48621
48623
48630
48635
48643
48652
48684
48712
48741
48746
48765
48767
48795
48799
48811
48827
48843
48868
48892
48894
48897
48911
48943
48945
48970
48975
48998
49027
49029
49034
49037
49051
49057
49058
49063
49082
49087
49090
49113
49123
49123
49150
49155
49189
49196
49215
49220
49223
49229
49232
49238
49262
49271
49287
49313
49321
49342
49348
49348
49356
49357
49384
49396
49397
49412
49428
49434
49480
49491
49491
49498
49501
49510
49525
49536
49539
49542
49569
49582
49588
49596
49599
49608
49612
49641
49650
49669
49675
49684
49687
49700
49732
49744
49749
49755
49757
49762
49776
49776
49799
49808
49827
49827
49836
49848
49856
49868
49870
49875
49893
49902
49924
49935
49947
49950
49963
49966
49970
49975
50000
50007
50008
50014
50017
50041
50043
50074
50084
50090
50107
50114
50120
50134
50135
50141
50158
50164
50176
50184
50187
50215
50246
50252
50275
50282
50292
50296
50304
50315
50316
50322
50326
50338
50340
50348
50359
50361
50362
50385
50389
50405
50417
50429
50431
50437
50444
50457
50458
50466
50474
50478
50520
50529
50539
50550
50562
50564
50567
50572
50585
50600
50601
50602
50605
50609
50611
50612
50625
50646
50651
50656
50657
50665
50666
50683
50693
50733
50734
50738
50761
50787
50791
50812
50837
50842
50850
50877
50880
50885
50895
50926
50928
50933
50960
50968
50972
50984
50985
50994
50999
51003
51003
51009
51013
51028
51035
51098
51111
51113
51118
51136
51136
51157
51165
51167
51171
51189
51206
51208
51222
51227
51263
51264
51282
51297
51311
51321
51325
51343
51364
51385
51386
51386
51389
51402
51406
51406
51428
51445
51451
51454
51458
51465
51480
51482
51497
51501
51508
51509
51538
51555
51556
51557
51573
51576
51638
51641
51642
51661
51665
51672
51675
51682
51708
51723
51723
51726
51729
51731
51733
51733
51739
51751
51756
51758
51768
51774
51791
51840
51855
51866
51868
51871
51873
51874
51877
51903
51913
51916
51920
51923
51926
51930
51942
51962
51962
51968
52006
52010
52017
52047
52064
52064
52086
52097
52105
52118
52118
52147
52177
52193
52202
52210
52212
52233
52238
52242
52277
52278
52282
52290
52291
52327
52329
52343
52346
52346
52371
52372
52377
52391
52420
52429
52430
52432
52439
52452
52469
52470
52481
52488
52490
52498
52506
52507
52508
52510
52514
52524
52534
52543
52546
52556
52577
52604
52631
52635
52649
52662
52668
52669
52700
52708
52721
52730
52738
52741
52756
52763
52771
52776
52782
52786
52792
52799
52808
52818
52820
52824
52832
52858
52876
52877
52886
52892
52900
52902
52904
52904
52910
52916
52930
52935
52936
52940
52954
52960
52970
52971
52979
52986
52996
53020
53024
53034
53039
53043
53045
53047
53053
53079
53089
53091
53115
53125
53149
53153
53156
53161
53177
53182
53187
53205
53206
53210
53218
53232
53261
53292
53294
53307
53307
53314
53326
53341
53351
53362
53385
53391
53396
53420
53430
53436
53441
53442
53442
53448
53456
53458
53492
53516
53526
53547
53554
53577
53585
53590
53590
53600
53614
53628
53629
53645
53660
53660
53666
53667
53699
53728
53730
53734
53737
53748
53789
53801
53806
53808
53813
53829
53832
53834
53843
53846
53868
53872
53872
53873
53896
53903
53903
53907
53920
53949
53951
53955
53971
53973
53975
53994
53996
54056
54076
54080
54083
54110
54121
54137
54154
54165
54191
54220
54272
54286
54288
54316
54317
54320
54335
54350
54352
54377
54400
54401
54414
54418
54420
54421
54422
54423
54431
54437
54449
54483
54483
54489
54492
54493
54497
54508
54510
54521
54528
54537
54539
54553
54554
54558
54558
54575
54590
54591
54592
54613
54618
54622
54654
54655
54658
54659
54664
54679
54692
54695
54713
54713
54716
54720
54721
54734
54739
54754
54765
54772
54778
54780
54785
54785
54794
54818
54833
54848
54857
54858
54860
54868
54875
54886
54888
54896
54898
54915
54921
54922
54922
54951
54971
54972
54979
54980
54980
54984
54987
54994
55004
55005
55007
55015
55022
55034
55050
55063
55064
55066
55075
55088
55100
55103
55105
55115
55118
55121
55130
55137
55138
55139
55139
55151
55158
55170
55174
55187
55203
55213
55226
55234
55247
55259
55264
55270
55286
55296
55297
55312
55322
55326
55340
55348
55362
55367
55369
55372
55401
55404
55405
55410
55411
55417
55434
55435
55447
55453
55458
55472
55476
55477
55477
55477
55519
55521
55549
55554
55569
55582
55602
55612
55613
55623
55626
55656
55660
55666
55674
55682
55686
55687
55709
55716
55746
55752
55782
55784
55793
55799
55823
55830
55844
55847
55848
55849
55850
55853
55860
55879
55883
55893
55896
55929
55947
55948
55952
55958
55963
55964
55967
56011
56037
56040
56054
56068
56068
56073
56088
56096
56107
56117
56122
56127
56136
56150
56157
56166
56166
56171
56176
56179
56194
56211
56219
56233
56235
56252
56260
56260
56264
56265
56271
56278
56280
56295
56296
56297
56300
56306
56313
56314
56331
56350
56351
56354
56364
56372
56374
56394
56396
56416
56423
56430
56435
56439
56464
56501
56508
56514
56528
56536
56549
56566
56581
56608
56622
56629
56636
56647
56647
56658
56682
56731
56732
56744
56749
56750
56751
56759
56776
56777
56785
56791
56793
56815
56825
56861
56884
56898
56910
56919
56928
56930
56931
56953
56963
56966
56977
56989
56993
57005
57023
57025
57032
57036
57058
57064
57066
57073
57076
57086
57102
57132
57138
57145
57147
57163
57170
57172
57175
57180
57197
57211
57231
57243
57258
57277
57278
57281
57302
57319
57340
57370
57374
57375
57386
57403
57403
57412
57413
57417
57417
57438
57444
57468
57495
57512
57521
57542
57555
57558
57565
57567
57572
57582
57590
57609
57610
57618
57650
57652
57657
57671
57675
57695
57696
57709
57718
57720
57726
57739
57757
57786
57800
57802
57804
57817
57819
57824
57826
57842
57850
57851
57853
57878
57904
57920
57938
57980
57991
58004
58008
58018
58026
58038
58039
58040
58061
58064
58064
58066
58082
58083
58088
58090
58105
58107
58110
58121
58124
58126
58127
58138
58159
58172
58175
58178
58203
58243
58244
58273
58275
58277
58280
58289
58291
58297
58305
58318
58345
58354
58370
58386
58426
58430
58432
58446
58467
58477
58494
58497
58519
58527
58531
58534
58538
58554
58558
58582
58592
58594
58612
58620
58620
58631
58631
58636
58645
58652
58672
58673
58699
58710
58711
58722
58751
58761
58764
58766
58769
58783
58796
58800
58824
58841
58849
58860
58867
58888
58891
58893
58918
58920
58930
58930
58931
58934
58956
58958
58958
58964
58965
58977
58996
58997
59006
59010
59019
59041
59063
59067
59074
59080
59081
59088
59110
59121
59137
59142
59151
59175
59188
59195
59200
59207
59228
59266
59328
59352
59360
59376
59404
59414
59424
59428
59429
59433
59434
59435
59451
59453
59458
59472
59480
59515
59533
59546
59571
59581
59592
59592
59626
59627
59650
59652
59653
59658
59669
59674
59677
59686
59690
59696
59720
59727
59734
59736
59739
59763
59812
59822
59823
59836
59876
59895
59956
59971
59975
59979
59981
59984
60019
60029
60030
60034
60038
60056
60066
60073
60090
60096
60128
60145
60151
60189
60205
60206
60217
60229
60233
60244
60246
60251
60257
60304
60313
60329
60337
60343
60347
60355
60358
60392
60407
60411
60412
60430
60444
60447
60449
60463
60466
60469
60469
60483
60500
60510
60519
60530
60535
60546
60547
60549
60556
60561
60563
60586
60599
60607
60618
60641
60645
60689
60692
60692
60717
60720
60725
60733
60773
60803
60815
60833
60837
60860
60860
60863
60869
60877
60903
60922
60932
60949
60992
60993
60995
61011
61020
61025
61046
61054
61056
61059
61064
61068
61083
61123
61128
61132
61136
61159
61163
61175
61179
61196
61202
61202
61209
61223
61239
61259
61261
61284
61292
61302
61323
61323
61335
61361
61366
61405
61423
61428
61438
61453
61454
61460
61464
61473
61483
61485
61511
61512
61534
61536
61540
61556
61564
61565
61566
61571
61573
61594
61599
61613
61634
61649
61654
61664
61678
61680
61696
61701
61708
61711
61716
61721
61732
61739
61742
61743
61744
61764
61766
61770
61773
61778
61806
61814
61830
61835
61857
61865
61887
61889
61898
61918
61926
61947
61949
61952
61960
61974
61977
61991
62001
62002
62025
62036
62039
62042
62050
62053
62063
62066
62079
62080
62080
62088
62097
62101
62108
62111
62125
62163
62171
62173
62182
62189
62195
62195
62214
62224
62225
62227
62242
62245
62270
62270
62274
62274
62275
62301
62304
62316
62317
62322
62341
62343
62352
62359
62361
62367
62367
62372
62374
62379
62381
62403
62409
62411
62433
62462
62464
62468
62479
62485
62488
62491
62532
62532
62537
62537
62544
62558
62562
62577
62588
62597
62626
62643
62652
62656
62668
62672
62683
62718
62730
62731
62734
62747
62747
62754
62761
62775
62816
62822
62849
62855
62884
62887
62898
62918
62925
62929
62933
62937
62940
62943
62947
62951
62954
62955
62955
62959
62962
62974
62976
62981
62997
63003
63007
63010
63013
63014
63026
63039
63043
63049
63064
63065
63077
63107
63122
63142
63145
63181
63190
63204
63206
63207
63217
63219
63219
63229
63231
63244
63253
63254
63259
63262
63267
63270
63284
63300
63342
63343
63348
63354
63368
63369
63378
63385
63393
63404
63426
63427
63433
63478
63513
63518
63518
63520
63531
63541
63547
63549
63564
63580
63580
63581
63583
63596
63596
63597
63610
63649
63649
63653
63653
63662
63665
63667
63674
63679
63683
63693
63722
63723
63725
63762
63765
63769
63801
63804
63813
63815
63826
63837
63846
63847
63870
63882
63887
63889
63900
63908
63929
63938
63939
63942
63948
63954
63965
63972
63976
63985
63987
63989
64010
64033
64034
64037
64039
64052
64080
64082
64112
64118
64141
64151
64159
64160
64164
64169
64172
64173
64174
64186
64194
64201
64234
64239
64240
64256
64260
64261
64262
64263
64270
64276
64276
64288
64295
64297
64320
64322
64334
64339
64368
64368
64373
64380
64420
64438
64446
64457
64482
64489
64501
64506
64514
64517
64520
64531
64538
64540
64591
64620
64633
64633
64638
64639
64640
64642
64644
64650
64653
64660
64668
64681
64707
64718
64724
64726
64727
64730
64742
64744
64769
64775
64776
64791
64804
64836
64853
64868
64899
64911
64919
64924
64956
64964
64995
65038
65051
65054
65055
65058
65058
65065
65086
65099
65102
65129
65131
65148
65166
65182
65183
65207
65238
65263
65265
65269
65272
65275
65281
65291
65293
65293
65302
65310
65327
65331
65370
65375
65375
65378
65379
65380
65388
65390
65416
65418
65459
65472
65487
65489
65494
65506
65519
65540
65548
65549
65553
65567
65573
65576
65593
65607
65613
65621
65621
65623
65623
65629
65637
65651
65658
65658
65679
65679
65685
65687
65690
65710
65715
65723
65723
65732
65735
65768
65782
65794
65794
65805
65819
65836
65854
65867
65873
65889
65893
65896
65906
65913
65934
65939
65949
65954
65961
65965
65977
65990
65991
65995
65996
66007
66016
66039
66044
66053
66080
66085
66098
66103
66103
66104
66105
66116
66121
66139
66142
66143
66163
66173
66174
66177
66192
66194
66200
66204
66211
66214
66221
66229
66231
66246
66255
66255
66259
66262
66269
66274
66294
66307
66318
66331
66333
66349
66361
66365
66365
66373
66373
66383
66389
66390
66407
66410
66410
66429
66440
66450
66455
66457
66463
66471
66472
66483
66487
66519
66528
66533
66534
66544
66554
66566
66572
66576
66576
66588
66592
66593
66601
66601
66603
66606
66625
66679
66681
66705
66709
66737
66750
66750
66758
66758
66759
66760
66768
66769
66779
66791
66792
66817
66821
66863
66863
66884
66885
66892
66893
66901
66905
66920
66928
66929
66934
66941
66943
66963
66967
66996
66999
67007
67025
67052
67052
67054
67059
67059
67103
67105
67107
67124
67137
67142
67143
67147
67155
67164
67175
67180
67184
67231
67232
67236
67259
67266
67269
67271
67297
67301
67306
67311
67326
67334
67347
67360
67362
67362
67376
67388
67396
67404
67411
67421
67425
67443
67457
67459
67461
67465
67468
67469
67471
67477
67485
67523
67524
67535
67537
67585
67585
67590
67599
67639
67649
67666
67666
67671
67672
67691
67693
67707
67722
67722
67734
67736
67739
67745
67747
67752
67756
67761
67802
67809
67816
67831
67833
67838
67844
67854
67861
67863
67883
67892
67898
67910
67926
67949
67966
67975
67994
67996
68001
68002
68013
68017
68017
68029
68033
68039
68056
68071
68072
68091
68103
68104
68105
68122
68126
68146
68156
68157
68162
68197
68216
68228
68247
68260
68269
68275
68283
68294
68305
68322
68331
68347
68389
68403
68413
68414
68416
68419
68421
68428
68443
68452
68456
68492
68493
68523
68536
68545
68568
68573
68589
68611
68618
68627
68628
68629
68643
68647
68673
68675
68695
68728
68756
68761
68765
68770
68791
68793
68793
68803
68825
68826
68830
68834
68835
68858
68869
68880
68883
68901
68904
68913
68913
68915
68917
68942
68956
68960
68973
69004
69058
69060
69061
69066
69076
69077
69084
69119
69133
69148
69161
69165
69166
69186
69205
69207
69221
69243
69253
69255
69258
69268
69272
69272
69276
69278
69287
69287
69302
69305
69312
69318
69319
69327
69335
69354
69355
69358
69383
69397
69399
69409
69426
69434
69434
69441
69464
69491
69495
69512
69514
69523
69530
69534
69539
69546
69555
69567
69568
69570
69576
69585
69590
69607
69614
69630
69633
69636
69653
69657
69680
69684
69700
69700
69702
69707
69724
69726
69732
69751
69752
69765
69767
69780
69784
69785
69801
69826
69843
69849
69849
69850
69862
69886
69915
69927
69933
69964
70002
70004
70010
70011
70012
70026
70029
70042
70056
70059
70074
70103
70149
70152
70155
70161
70162
70164
70169
70171
70178
70194
70195
70205
70211
70220
70242
70254
70262
70273
70312
70318
70331
70339
70347
70361
70374
70374
70408
70418
70430
70449
70451
70452
70454
70468
70470
70476
70492
70500
70514
70534
70545
70549
70562
70567
70584
70599
70629
70633
70651
70652
70663
70688
70696
70698
70705
70710
70711
70730
70753
70757
70762
70780
70786
70796
70812
70815
70822
70836
70890
70894
70900
70919
70922
70926
70936
70939
70948
70963
70968
70977
70981
70983
70994
71002
71030
71037
71054
71091
71093
71110
71138
71139
71170
71174
71187
71213
71217
71232
71273
71277
71285
71287
71307
71309
71318
71336
71348
71361
71362
71367
71375
71378
71384
71387
71423
71431
71434
71436
71436
71445
71445
71445
71478
71488
71489
71504
71512
71513
71527
71538
71541
71546
71551
71552
71595
71599
71603
71608
71616
71617
71618
71623
71648
71662
71687
71689
71695
71696
71708
71719
71723
71730
71732
71755
71772
71802
71803
71804
71824
71832
71833
71839
71852
71873
71879
71885
71891
71898
71903
71943
71945
71950
71955
71973
71987
72002
72018
72028
72039
72041
72041
72054
72055
72072
72073
72076
72080
72083
72090
72107
72142
72143
72151
72157
72161
72170
72171
72181
72185
72205
72211
72221
72222
72228
72228
72229
72235
72239
72241
72244
72246
72263
72264
72286
72287
72288
72295
72295
72311
72318
72325
72331
72345
72348
72354
72355
72364
72370
72396
72396
72399
72407
72410
72414
72416
72422
72424
72446
72449
72492
72499
72502
72573
72584
72597
72605
72607
72608
72622
72662
72676
72680
72685
72696
72707
72707
72708
72710
72721
72724
72731
72742
72749
72750
72764
72769
72786
72795
72800
72805
72816
72816
72826
72829
72840
72842
72850
72854
72881
72898
72902
72917
72921
72934
72947
72956
72964
72977
72982
72985
72987
72994
73000
73035
73045
73055
73058
73062
73064
73074
73096
73119
73138
73166
73189
73199
73208
73212
73222
73240
73241
73267
73268
73270
73280
73289
73294
73323
73331
73333
73354
73382
73385
73387
73391
73392
73392
73404
73407
73412
73419
73426
73433
73437
73442
73444
73451
73456
73459
73477
73507
73514
73520
73539
73541
73547
73549
73571
73578
73597
73598
73602
73603
73607
73610
73619
73623
73626
73630
73638
73678
73682
73689
73706
73719
73726
73739
73746
73748
73786
73794
73812
73817
73835
73838
73857
73857
73885
73895
73897
73913
73920
73928
73947
73978
73978
73998
74005
74016
74027
74033
74034
74045
74068
74108
74119
74123
74128
74132
74135
74137
74137
74161
74170
74192
74218
74236
74237
74241
74249
74254
74257
74259
74260
74263
74273
74276
74285
74290
74291
74293
74298
74303
74304
74311
74320
74347
74349
74352
74367
74375
74386
74425
74426
74431
74433
74436
74438
74439
74470
74482
74486
74487
74488
74490
74501
74515
74524
74524
74529
74529
74530
74556
74562
74567
74572
74584
74589
74590
74607
74638
74670
74671
74696
74704
74705
74717
74722
74722
74730
74731
74731
74734
74743
74746
74747
74755
74762
74791
74792
74793
74796
74803
74809
74821
74825
74826
74839
74848
74862
74877
74885
74889
74892
74896
74909
74909
74926
74939
74948
74949
74952
74963
74967
74967
74973
74982
74985
74985
74991
74997
75003
75008
75008
75026
75033
75039
75040
75065
75065
75072
75083
75106
75119
75121
75125
75127
75152
75155
75166
75166
75192
75196
75205
75210
75224
75231
75232
75248
75267
75270
75284
75287
75307
75309
75311
75330
75373
75376
75388
75389
75391
75406
75408
75411
75415
75418
75429
75436
75438
75442
75451
75475
75485
75495
75508
75520
75524
75531
75537
75538
75538
75541
75547
75549
75572
75581
75603
75604
75616
75652
75675
75688
75692
75707
75736
75741
75756
75779
75786
75787
75790
75799
75800
75805
75807
75812
75819
75829
75862
75888
75888
75889
75909
75918
75923
75930
75949
75961
75967
75969
75978
75978
75981
76000
76009
76012
76037
76048
76050
76057
76066
76067
76070
76084
76086
76097
76106
76108
76115
76118
76126
76150
76175
76184
76193
76206
76231
76239
76278
76278
76285
76307
76346
76382
76395
76408
76421
76434
76435
76437
76440
76467
76472
76482
76491
76512
76540
76566
76571
76580
76587
76598
76601
76602
76603
76609
76619
76620
76630
76654
76670
76678
76695
76700
76703
76708
76711
76718
76728
76728
76732
76740
76743
76762
76767
76774
76777
76782
76794
76819
76819
76835
76861
76866
76878
76880
76883
76887
76894
76901
76909
76911
76952
76959
76971
76980
76985
76989
76994
76998
77003
77043
77055
77057
77058
77064
77070
77081
77087
77087
77100
77115
77150
77156
77167
77169
77177
77177
77180
77184
77186
77227
77233
77250
77256
77264
77290
77301
77328
77336
77337
77359
77361
77381
77391
77415
77418
77431
77457
77472
77490
77492
77501
77540
77561
77566
77571
77572
77645
77669
77674
77715
77738
77739
77758
77769
77774
77775
77801
77801
77826
77834
77837
77853
77874
77920
77932
77933
77944
77950
77960
77962
77983
77983
77987
77999
78002
78010
78014
78033
78043
78043
78057
78066
78076
78080
78089
78120
78132
78145
78152
78157
78166
78187
78194
78194
78206
78207
78221
78222
78227
78229
78243
78246
78252
78264
78272
78278
78285
78287
78315
78319
78319
78337
78363
78374
78385
78388
78390
78427
78429
78440
78448
78451
78460
78487
78488
78492
78507
78519
78519
78529
78584
78584
78589
78599
78640
78651
78660
78691
78695
78697
78699
78733
78758
78764
78770
78777
78783
78785
78800
78815
78816
78822
78826
78827
78848
78853
78861
78872
78878
78881
78891
78893
78901
78909
78914
78932
78941
78948
78959
78972
78980
78982
78990
79009
79041
79051
79086
79103
79104
79105
79120
79122
79123
79125
79133
79168
79176
79182
79184
79189
79217
79219
79224
79226
79227
79234
79235
79279
79304
79319
79344
79375
79378
79391
79400
79400
79404
79415
79420
79426
79430
79437
79441
79458
79461
79469
79480
79487
79489
79490
79491
79492
79504
79514
79525
79527
79545
79550
79578
79622
79656
79663
79695
79697
79706
79709
79724
79755
79778
79783
79790
79799
79809
79811
79821
79830
79852
79859
79866
79869
79871
79874
79879
79889
79896
79916
79917
79925
79930
79931
79933
79938
79940
79952
79967
79973
79974
80005
80011
80016
80017
80027
80034
80037
80073
80083
80092
80104
80120
80122
80140
80149
80151
80152
80155
80159
80163
80166
80190
80198
80202
80219
80223
80234
80251
80260
80270
80274
80277
80282
80292
80332
80335
80347
80353
80366
80386
80428
80430
80443
80448
80462
80477
80486
80489
80498
80506
80566
80574
80623
80633
80641
80649
80657
80662
80666
80678
80687
80692
80699
80711
80713
80714
80738
80739
80761
80800
80811
80814
80857
80872
80886
80893
80907
80913
80937
80954
80961
80980
80981
80993
80995
81025
81040
81059
81062
81063
81079
81082
81082
81099
81124
81127
81136
81143
81169
81180
81181
81183
81194
81214
81230
81257
81261
81269
81274
81277
81280
81282
81285
81290
81291
81292
81297
81300
81306
81311
81319
81339
81348
81375
81388
81399
81401
81408
81445
81450
81451
81455
81459
81475
81500
81503
81513
81558
81559
81563
81578
81579
81639
81663
81671
81687
81702
81705
81720
81728
81751
81768
81780
81788
81835
81838
81844
81855
81861
81874
81877
81887
81920
81947
81947
81950
81964
81971
81985
81992
82011
82014
82014
82020
82021
82024
82026
82031
82046
82049
82052
82064
82067
82127
82134
82140
82142
82153
82156
82172
82174
82178
82215
82226
82234
82257
82257
82273
82289
82314
82323
82328
82329
82331
82334
82340
82375
82376
82385
82386
82403
82435
82459
82465
82475
82479
82480
82497
82499
82499
82508
82511
82514
82524
82549
82550
82556
82577
82584
82588
82591
82624
82633
82642
82671
82681
82691
82692
82712
82715
82743
82744
82777
82782
82785
82798
82815
82829
82829
82842
82847
82847
82866
82871
82879
82880
82883
82900
82901
82902
82909
82914
82915
82932
82933
82947
82951
82959
82994
83001
83005
83008
83009
83010
83015
83015
83028
83034
83035
83042
83042
83047
83050
83053
83056
83074
83084
83112
83115
83133
83145
83146
83150
83162
83174
83190
83209
83220
83237
83242
83243
83254
83261
83297
83299
83305
83306
83314
83322
83331
83354
83355
83359
83395
83399
83401
83403
83407
83411
83412
83414
83420
83424
83431
83437
83446
83447
83447
83448
83449
83453
83453
83466
83487
83496
83519
83520
83533
83543
83560
83575
83577
83578
83585
83627
83673
83675
83683
83685
83690
83699
83706
83718
83736
83737
83738
83738
83749
83756
83767
83773
83789
83792
83799
83830
83860
83865
83866
83894
83898
83915
83921
83923
83935
83947
83951
83953
83958
83962
83970
83979
83980
83989
83997
84001
84002
84026
84069
84076
84077
84081
84083
84103
84118
84128
84145
84152
84169
84171
84194
84213
84241
84244
84252
84253
84258
84279
84303
84305
84313
84323
84325
84346
84353
84353
84356
84363
84369
84376
84407
84443
84446
84455
84457
84513
84521
84528
84554
84571
84581
84583
84587
84597
84597
84603
84607
84607
84612
84621
84633
84636
84644
84654
84677
84681
84683
84696
84701
84714
84732
84739
84782
84790
84796
84809
84811
84820
84821
84840
84860
84864
84872
84873
84874
84879
84881
84894
84896
84907
84908
84919
84919
84925
84950
84954
84976
85035
85043
85063
85104
85107
85155
85165
85166
85171
85178
85181
85182
85197
85234
85237
85238
85259
85284
85292
85296
85313
85326
85327
85344
85349
85369
85373
85375
85388
85424
85431
85433
85443
85446
85484
85498
85505
85513
85531
85549
85559
85567
85570
85582
85590
85600
85605
85637
85651
85677
85679
85694
85697
85703
85703
85733
85735
85750
85757
85757
85769
85778
85788
85806
85820
85821
85823
85834
85845
85863
85877
85879
85880
85883
85884
85889
85900
85915
85922
85928
85936
85940
85940
85941
85955
85971
85984
86003
86005
86019
86019
86026
86038
86042
86043
86053
86061
86074
86088
86100
86106
86112
86119
86121
86137
86139
86141
86145
86153
86183
86192
86196
86214
86227
86255
86261
86274
86274
86280
86299
86307
86327
86340
86370
86373
86374
86388
86398
86409
86409
86413
86416
86417
86439
86456
86459
86461
86464
86479
86483
86495
86496
86508
86509
86515
86516
86519
86549
86564
86580
86583
86603
86605
86612
86625
86629
86646
86652
86662
86677
86677
86685
86689
86690
86693
86716
86720
86739
86758
86765
86790
86791
86797
86797
86801
86814
86821
86825
86839
86860
86862
86867
86872
86876
86876
86911
86912
86914
86914
86916
86932
86952
86952
86970
86970
86971
86981
86981
86982
87005
87007
87014
87031
87032
87064
87088
87090
87097
87106
87110
87121
87137
87148
87151
87158
87161
87167
87192
87192
87205
87208
87231
87249
87254
87260
87262
87268
87283
87292
87300
87309
87311
87320
87325
87345
87359
87359
87369
87369
87378
87379
87394
87399
87427
87428
87443
87444
87451
87460
87472
87485
87493
87523
87559
87576
87585
87603
87620
87651
87654
87688
87727
87728
87736
87737
87742
87769
87774
87777
87805
87814
87820
87822
87829
87839
87851
87867
87878
87882
87902
87902
87905
87908
87916
87929
87934
87934
87936
87940
87941
87947
87953
87962
87983
87985
87996
88000
88031
88033
88034
88055
88081
88105
88108
88117
88119
88130
88130
88153
88156
88171
88176
88177
88177
88180
88200
88209
88253
88257
88310
88314
88319
88354
88370
88376
88392
88394
88400
88404
88414
88424
88432
88438
88442
88444
88447
88476
88478
88484
88484
88489
88490
88516
88521
88523
88534
88534
88537
88538
88541
88541
88547
88571
88574
88576
88577
88595
88611
88615
88619
88621
88621
88635
88635
88651
88655
88665
88672
88678
88682
88692
88703
88706
88707
88727
88754
88759
88778
88782
88782
88793
88830
88835
88838
88842
88848
88849
88882
88902
88938
88956
88963
88963
88977
88978
88992
88998
89009
89012
89034
89042
89047
89074
89076
89087
89096
89103
89111
89113
89119
89124
89128
89141
89142
89144
89144
89159
89164
89178
89179
89193
89203
89208
89208
89211
89216
89244
89247
89252
89254
89262
89300
89318
89324
89328
89342
89345
89356
89357
89359
89381
89383
89385
89385
89391
89408
89417
89421
89427
89429
89429
89451
89469
89478
89482
89498
89511
89515
89522
89525
89533
89541
89551
89557
89565
89570
89579
89585
89606
89611
89615
89620
89638
89645
89688
89694
89696
89710
89713
89715
89756
89767
89774
89796
89808
89808
89828
89838
89839
89842
89844
89851
89852
89864
89868
89875
89884
89886
89912
89915
89923
89935
89946
89948
89967
89973
89985
89997
90006
90028
90030
90039
90044
90050
90063
90076
90088
90090
90092
90095
90125
90128
90131
90137
90150
90154
90162
90186
90188
90193
90205
90207
90229
90245
90247
90257
90259
90263
90267
90271
90278
90332
90335
90346
90368
90372
90380
90408
90420
90442
90443
90494
90496
90500
90509
90527
90549
90555
90567
90572
90593
90597
90597
90602
90622
90641
90662
90664
90666
90673
90678
90689
90692
90711
90712
90726
90746
90774
90775
90784
90790
90803
90809
90838
90850
90850
90886
90899
90906
90916
90925
90939
90943
90944
90948
90978
90987
90989
90994
91008
91014
91015
91021
91023
91031
91036
91039
91040
91051
91057
91067
91079
91095
91107
91120
91131
91149
91187
91187
91191
91214
91215
91231
91241
91248
91261
91268
91272
91274
91323
91326
91328
91338
91372
91428
91430
91442
91447
91456
91476
91479
91519
91530
91533
91564
91581
91585
91596
91601
91614
91622
91668
91669
91687
91689
91692
91692
91700
91742
91743
91765
91771
91774
91796
91812
91835
91857
91867
91897
91901
91907
91949
91951
91975
91997
92011
92026
92044
92049
92054
92062
92076
92088
92106
92106
92110
92124
92128
92134
92138
92167
92173
92179
92184
92187
92193
92202
92220
92226
92231
92241
92247
92249
92250
92260
92286
92293
92305
92306
92315
92344
92369
92381
92382
92387
92391
92405
92425
92432
92437
92449
92465
92475
92481
92488
92494
92505
92508
92550
92561
92570
92572
92575
92577
92600
92600
92606
92607
92607
92612
92636
92646
92659
92664
92666
92673
92675
92693
92703
92711
92723
92728
92741
92742
92745
92754
92768
92804
92820
92825
92833
92873
92891
92892
92902
92939
92954
92981
92984
93004
93005
93008
93025
93030
93035
93036
93060
93073
93092
93094
93101
93101
93106
93126
93155
93160
93161
93162
93164
93177
93183
93186
93187
93196
93201
93206
93213
93213
93219
93229
93233
93244
93284
93284
93303
93304
93308
93318
93324
93330
93339
93347
93372
93378
93384
93398
93402
93421
93424
93425
93427
93435
93454
93455
93473
93481
93483
93500
93501
93513
93518
93530
93537
93557
93564
93570
93582
93607
93610
93619
93641
93645
93648
93656
93671
93679
93685
93708
93712
93714
93739
93748
93758
93772
93785
93791
93815
93819
93820
93823
93828
93829
93833
93838
93840
93863
93868
93918
93973
93974
94000
94013
94030
94040
94049
94055
94071
94079
94091
94105
94109
94110
94124
94128
94134
94144
94171
94174
94176
94185
94193
94195
94216
94217
94225
94231
94235
94235
94237
94262
94274
94284
94296
94296
94303
94303
94312
94316
94320
94324
94340
94341
94347
94354
94358
94362
94365
94365
94373
94378
94381
94388
94428
94441
94443
94445
94453
94490
94491
94508
94521
94534
94538
94553
94554
94561
94564
94564
94569
94570
94572
94575
94581
94591
94604
94619
94623
94636
94639
94664
94673
94674
94677
94677
94684
94720
94724
94733
94738
94747
94764
94765
94771
94777
94780
94786
94803
94818
94833
94841
94842
94846
94860
94869
94882
94894
94895
94902
94903
94907
94924
94924
94953
94976
94982
94985
94988
95007
95012
95020
95024
95030
95034
95051
95052
95058
95058
95073
95085
95086
95097
95111
95118
95146
95151
95188
95197
95207
95210
95220
95221
95230
95239
95248
95254
95255
95261
95263
95264
95272
95276
95283
95307
95324
95332
95349
95375
95381
95388
95397
95403
95405
95419
95432
95445
95446
95455
95473
95490
95494
95499
95536
95562
95601
95609
95611
95618
95624
95639
95648
95649
95651
95666
95679
95693
95697
95705
95711
95719
95726
95732
95737
95738
95759
95763
95777
95787
95788
95789
95802
95823
95834
95842
95858
95859
95889
95891
95892
95893
95907
95917
95923
95930
95949
95949
95953
95963
95970
95974
95982
95989
96030
96036
96056
96064
96072
96085
96086
96090
96127
96139
96160
96165
96166
96168
96195
96224
96224
96235
96261
96264
96265
96265
96274
96288
96297
96298
96308
96349
96351
96358
96370
96372
96385
96394
96407
96411
96411
96412
96441
96441
96442
96442
96445
96448
96450
96457
96462
96472
96480
96491
96493
96494
96496
96516
96517
96521
96544
96547
96548
96550
96563
96570
96579
96599
96605
96616
96621
96623
96627
96636
96648
96650
96670
96672
96700
96719
96725
96737
96742
96748
96752
96757
96758
96764
96764
96769
96771
96776
96777
96794
96798
96798
96805
96812
96817
96827
96828
96850
96851
96851
96859
96862
96877
96896
96897
96904
96905
96918
96921
96922
96926
96936
96940
96945
96975
96979
96986
96986
96993
96996
97008
97017
97021
97025
97029
97033
97041
97052
97067
97077
97080
97082
97088
97101
97112
97126
97126
97129
97143
97146
97168
97176
97184
97211
97219
97221
97237
97241
97248
97260
97264
97275
97278
97280
97289
97296
97300
97303
97311
97313
97319
97326
97328
97328
97330
97332
97344
97351
97359
97361
97364
97368
97372
97376
97380
97382
97393
97398
97414
97430
97431
97445
97447
97449
97453
97469
97481
97503
97515
97533
97534
97536
97552
97555
97556
97557
97562
97578
97583
97585
97592
97593
97600
97612
97619
97624
97628
97628
97643
97654
97695
97717
97722
97728
97735
97748
97757
97772
97777
97778
97836
97836
97863
97871
97872
97883
97903
97918
97922
97939
97963
97972
97987
97992
97998
98003
98015
98068
98071
98074
98074
98117
98120
98135
98138
98144
98157
98169
98169
98181
98181
98191
98192
98192
98224
98238
98274
98290
98304
98306
98315
98319
98330
98332
98347
98380
98384
98399
98406
98409
98412
98423
98424
98457
98458
98462
98466
98479
98501
98517
98522
98528
98555
98584
98594
98619
98623
98632
98641
98653
98677
98679
98700
98701
98707
98707
98720
98728
98731
98752
98756
98758
98768
98805
98806
98816
98833
98840
98841
98849
98852
98876
98883
98885
98912
98914
98917
98948
98974
98975
98993
98995
98998
99006
99010
99011
99031
99037
99045
99065
99072
99090
99106
99107
99107
99108
99113
99118
99129
99132
99133
99133
99149
99156
99164
99165
99190
99205
99217
99219
99228
99248
99255
99256
99277
99281
99289
99295
99300
99312
99324
99344
99345
99350
99353
99390
99418
99420
99428
99443
99446
99473
99484
99485
99501
99505
99516
99517
99521
99541
99553
99555
99566
99573
99575
99588
99600
99628
99640
99646
99654
99655
99659
99669
99669
99676
99685
99714
99734
99747
99771
99778
99781
99781
99800
99801
99819
99841
99845
99869
99875
99930
99970
99974
99985
99986
99994
100000
